-0.7555592292205819 -1.535202713809272
0.42076955503034685 -0.04851561986536974
-0.5394178061984407 -1.5903515488059103
-0.8139497745578971 -0.6412703973467675
0.41600802738267795 0.1472178563767575
0.801500578266111 -0.8781758767462409
0.38999770239218357 -0.2636561287269378
-0.5220928924286672 -0.8793144237675403
-0.7477045615901068 -1.0292522470526575
-0.955326367283218 -0.8271698674607065
-0.8675969819509723 -1.0847826404917928
0.38974988015608797 -0.1330473550262794
-1.0765752224119969 -0.9758065936942124
0.4381711716434216 -0.9652547146265602
1.0368934673533166 -0.9682644852866582
-0.4882529085964583 -1.5142521153662765
0.40399271118760804 -0.12662298344409761
0.4093067692368325 -0.09991092261872865
-0.6714598641566805 -1.0526300744251618
-0.8598792139639759 -0.7013651157788379
0.425219158640337 -0.03472967223947426
0.7142633003084825 -0.8346729013435206
0.5977961676823682 -0.9533036661086749
-0.5588530528943392 -0.878846969946479
0.9376706509879615 -1.1860779833385486
0.9304244540344966 -1.0844987117982308
-1.0465786727463668 -0.9439572368682208
-0.7780623184017714 -0.9575086180378901
-0.7280351712121884 -0.9975189207796001
-0.9470570522988773 -0.805668737452542
-0.6593430849336079 -1.1491449824844744
1.1038535174225927 -0.8878397917634496
-0.6826813210555579 -0.8637725308854068
0.41421781601538005 -0.02586428074162231
-0.5612091910810979 -1.581326792045122
0.40256189196618986 -0.046362905677768906
-0.409475475031232 -0.6387926580565924
0.9143833949736357 -0.7727720340971965
0.40084192585529826 -0.22435332298863378
-1.1242231062009334 -1.047633382503315
1.065974352951561 -1.0050984846247077
-1.0574429838900727 -0.9587813880972408
-0.7167014345228224 -1.1333561493820896
-0.8126174552426685 -1.5774783979354912
0.4255396493468285 -0.028984714872733797
0.8518734167335769 -0.814311640508351
-0.7557623162067412 -1.0705719010851085
-0.9037896586484779 -0.7519145316873672
0.42508982738330703 0.027245046952350915
0.9824583972162566 -1.1137034969357036
-0.6893440283053953 -1.0632577734065847
-0.4746396618788061 -1.5501945550869982
-1.0323227360752083 -0.9268989552254562
0.4276369770829272 0.05550127284090191
0.4096429342113742 -0.02873102579446728
0.49087655450298184 -1.0041626290057852
-0.6700632857177703 -1.0635919904995537
0.4012190443263416 -0.13275975504778575
-1.0889435390524662 -0.9952443937838935
0.8910130964234471 -1.0764302647866022
0.40603398151740844 -0.05292153896994502
0.957518191044267 -0.8477383073578417
0.399123806302883 -0.13992641029566705
-0.6511502572093314 -1.5602301276386126
-0.6615842755767947 -1.5862264001096442
-0.7104100406340594 -1.5747946571327553
0.8699302494862327 -1.2057175341039157
0.42612491526788576 -0.0343175922604306
0.42895242588591787 0.037804717797722334
0.9328999672098722 -0.7615889233735171
1.2300944341848388 -0.7223026382399578
0.9576631368982922 -1.0998037097110074
-1.004375043076961 -0.8842352333931347
0.9991517965094268 -1.196756252647134
-0.761300089357897 -1.5344839133452535
-0.8202475008713953 -1.251621856240956
0.4069155980209001 -0.13986742664416985
0.4366218967062352 0.05625252150316643
-0.9673145227023126 -0.841640181928062
-0.7159850208235838 -1.0150760362886793
-0.6656926462989877 -0.7399792056322312
0.4094512254962175 -0.0353224415160357
-0.9985220361840816 -0.8754591676212069
0.7014129439907993 -1.2906055842584037
-1.0240501528853951 -0.9095657599400171
0.4011311513085854 -0.10739403262553715
1.1336045541957285 -0.8898700782155139
0.43045202079532663 0.07159187089396962
0.4223078536326366 0.005593069207029603
-0.8319229426878587 -1.6451969178113885
0.7670823901687875 -0.8830656679554837
-0.6884421235035234 -1.09746288872885
-1.1565758394762906 -1.0883414212312355
0.6014991921084399 -0.8965408647191443
-0.35285942528919306 -1.5359575863882653
-0.5823441619024194 -1.5558502731049293
-0.3720768072752062 -1.5206768572890783
-0.7315673405485451 -1.5949624882498719
-0.3183352437630326 -1.5281344140218014
-0.639005087458611 -1.6127286562022287
1.1773067552919088 -0.9124521837337489
0.7767182056589963 -0.8879261367422054
-1.0552881016516609 -0.9514609413643679
0.41796440650013655 -0.0797015684603583
-0.5791363307000835 -0.8772771390001118
-1.1651014208808845 -1.0978430137530115
-0.6644129920437929 -1.5455474266994442
-0.9482115929110149 -0.8106479410450669
-0.7554803717218674 -1.5526470082931048
0.42825691966390966 0.0630699971449325
0.9223377514566875 -1.1002948641431283
-0.9441291848003388 -0.8119823939571782
0.9523655589002209 -0.7510183195188344
-0.8845988410588929 -1.6123104797571832
-0.9239373976982168 -0.7857418707436254
0.4230230537755931 0.04143417620677464
-0.6248700056412841 -1.5291674045945156
-0.3371262684453544 -1.5161373605680792
-0.5757494169911184 -1.5883569806262527
0.7470328097145226 -0.8958561586561508
-0.5052063720329079 -1.5197971167631321
0.4079840915374025 -0.11149139712822514
0.8373025225052891 -0.7863323397561129
0.7241795916761724 -0.901996675975529
0.3959903270842192 -0.13628149233262077
0.9380789388126646 -1.0893685935265927
0.7306566829942033 -0.8819737136077125
-1.1552479072860868 -1.0899084210870922
0.42630467809876715 0.05207324986804823
-0.9351164134473311 -0.7985412317061945
-0.7588212691884035 -1.600314099027803
0.817507273075722 -0.7909785639211409
0.4374560552533478 0.09005660517635841
0.4226404252160863 0.010785338286877924
-0.6946911643931736 -0.9129254345746709
0.7314627166604195 -0.7877526619085822
-0.9622625724645616 -0.8353818683211195
1.0183130956524484 -1.0180086784530564
0.4039275265018048 -0.1306150428366305
-0.6221876960655297 -0.935964081347775
-0.6840180502170804 -1.5600289184776754
0.8858307310671433 -0.9201654284897325
1.3765389126071703 -0.7812258562641494
-0.9907364159441642 -0.8669098361451143
0.3740724315098095 -0.3040429226387495
0.9206659206293017 -0.7773392967017412
-0.7399052565832972 -1.5948872946522936
0.5387016714644335 -0.9688267745033908
0.7340064395460383 -0.812290475081865
0.39824963590318024 0.0009354596123307782
-0.49363675951738745 -1.5731096399793965
0.7140459887765132 -0.8275858011374219
0.8567327710623995 -0.7621092076547695
0.9925716822492575 -1.1263132653069454
0.8090136687861552 -1.1595267937111964
-0.4776523630323303 -0.7905466637714975
0.7796255911733547 -0.8655647786759887
-0.403348353500398 -0.6341087616051932
0.4079278886971572 -0.1633348587614825
1.1020558173552404 -0.7903435727504842
0.6099964227967228 -0.8985730582227973
0.9985254367887888 -0.9978576885009957
1.0846877721461357 -1.0150636625656146
-0.43892473970642953 -0.7831252574991112
-0.9591832822856828 -0.8277310303571594
0.4245474621620494 -0.06778144951700239
-0.9308408375417099 -0.7878217665222373
-1.0973629164849317 -1.008573193713794
1.001316326372934 -1.0501203048115748
-0.5274258193099663 -1.4684787968023205
-0.782952897865145 -1.083597963329816
0.4221994513050473 0.016675089600415156
-0.7740575857692138 -1.5859965370668943
0.9467511816944276 -0.8141407169277756
0.7475436253208252 -1.245455793858869
-0.6167550064736405 -1.5502876926648013
0.41829454112765385 -0.07782343293021005
-1.0435429977814414 -0.9413739093711027
-0.6227290664024568 -1.584917511208333
-0.6777467601754769 -1.5766673745145365
-0.5959212085170729 -1.5616152372388465
0.4188501123836176 -0.11656408469806863
-0.7060988558984823 -1.104526345278134
-0.6679987319126912 -1.0055877464340732
0.5721664266809605 -0.9376150610910235
1.0224411727870915 -0.7580680970949314
-0.9097686857249672 -0.7712276258070387
1.0934102921467008 -0.7092565139590941
-0.9519183966230544 -1.230601083542083
0.9461193038505704 -1.0290323283924725
-0.9442836691253096 -0.8085532168466824
-0.6742396854084067 -1.1013738743416208
-0.885878725641376 -0.7277820830933025
0.405861599480811 -0.10632553026721
-0.6190819513066002 -0.9507281498965622
0.39471174166977985 -0.2023497579628306
0.7110608000659329 -0.8954558408346719
0.4074200751832882 -0.12105385434923613
0.780203461414693 -0.772517398192351
-0.7263170464411078 -1.5830381359436345
-0.5602473409948711 -1.5675814176179448
-1.003603148064498 -0.8901542982533913
0.8606726762144322 -0.7893236294545427
-0.6940474732198872 -0.9896250429998918
1.0035944257762162 -1.015589368083665
0.9873534287182604 -1.0086140147896105
0.5060898070442087 -0.868213402093133
0.7880710756546213 -1.2501093401009504
-1.0666562400520367 -0.9663238776800449
-0.4576491967612154 -1.531607292476243
-0.49497194916483966 -0.5166481409363303
-1.2505395748598376 -1.211347596606357
0.4253432587203593 -0.018905924892973387
0.830013769103384 -0.8055320189865883
0.8730750971578789 -0.8410633720251364
-0.8066606836994851 -0.6308025094828711
0.41531161287858254 0.01753041570458626
-0.5108553954097346 -1.5392327491668738
-1.1306079535135594 -1.0572027389404917
0.41311690411571034 -0.01503763621181367
-0.589693837250292 -1.541850144271704
0.41334246124395185 -0.018852058015874036
-0.9673617109843847 -0.8398354487850055
0.5849953356048793 -0.8936908543244272
1.0132277709789643 -1.0691174704417499
-0.6663217507312592 -1.5520503083154351
-1.1696372606309504 -1.0995103789073903
0.6945864852307644 -0.9434490524038173
0.9897351301308275 -1.1410190011890209
0.6148534204534923 -0.9829868916824698
0.4070994404678708 -0.061389822238297205
-0.537733048817331 -1.5322741447155357
-0.6577837796732353 -0.9524737974238057
-0.8875606480925048 -0.7379172796142823
-0.7101446736475313 -1.000427959740517
0.40341489142148684 0.0033892878839635134
-0.5310381333154949 -0.6934638289091757
-0.4613852725260628 -0.6950440545643137
-0.654095683006126 -0.8261795636347966
0.755801970863579 -0.8950648105896312
0.4064948668737816 -0.04904603588308288
-0.8297219416820276 -1.5627997167853693
-1.1238802459308432 -1.0430092770330854
-0.8037564952680409 -1.6152486653610776
0.9614510318296442 -0.7497370561149179
-0.5798805600135581 -1.492434761547232
-0.9898595741084559 -0.8717324426233961
0.8568005971710672 -0.8774266778008509
1.0542073573556467 -1.060922625292406
0.4196770341434861 -0.05272873634669502
1.2599028937337513 -0.8959950371042542
0.6593545499064211 -0.9370932881522653
1.1715459984466592 -0.6359794213443097
1.0991740497459856 -1.0559286493328148
0.8469307971111111 -0.8527327961047271
0.6055125857260412 -0.9388765506347636
0.4127074384790951 -0.008979321736121777
-0.7180869942865372 -1.0621766842554945
-0.7394995383459211 -1.6165406180126185
-0.7487675083508357 -1.5676563701778081
0.41697710419576595 -0.010182700382334698
-1.1180963448072467 -1.0327834392206658
0.7123156127007745 -1.381254482770538
1.0281961748879493 -1.000017506876837
-0.8516422727238311 -1.2429356119840531
-0.8427149464525272 -1.087449598460747
0.4227972441492821 -0.03485688313255708
0.9802738887125747 -0.6841937780245309
-0.5169261107383671 -1.6010336146954627
0.9877277736390739 -0.7851345656026103
-1.1374521973152651 -1.0651060889099881
1.0313156902438565 -1.067398941753527
-0.9125654928449649 -0.7678345733185878
-0.9245066407723541 -1.5471925172185785
1.2200368148929406 -0.694465715536196
1.047353195662537 -0.7169278992241641
0.9369621213262287 -1.0613322236839078
-1.0298342312225506 -0.9181844015690831
1.0833029264834444 -0.7862014262598973
1.1579241896486399 -0.9548683463109967
-0.5960249036936692 -1.5919838064549598
0.5881531404928286 -0.9454984563541711
-0.8145859879965485 -1.6294163769706178
-0.5935361809765656 -1.5368343075673327
-0.5351303618787332 -1.6059944589981776
0.4111607834764027 -0.131227300518154
-1.0772781830119498 -0.9776298976055628
-1.1021735784854811 -1.022447624787863
-0.6668713335868588 -0.8856402720487312
0.6474715955212309 -0.8916637310951174
-0.7560222867195613 -1.172458968255198
-0.6855401804257952 -0.8491372169047955
-0.6790049768243742 -1.603443770287716
0.7602668780392132 -1.3140473085217161
0.43240192019742857 0.025688242067558504
-1.0991060763432632 -1.0077051155947772
-0.4331353967379151 -1.5344905612539343
-1.0610906068880706 -0.9614309551069398
-0.9766833211107722 -0.8474326046846552
0.6905514790768232 -1.3569703964798479
0.709749417294095 -0.9079964129756
0.6828420152401398 -0.781142423249182
1.2468704369212789 -0.8854295134231674
-0.47736122586220514 -1.535218145306977
-0.64540136709041 -1.030738861786598
0.6152452413989317 -0.8928151255537995
1.0898616983154468 -0.7062457034210894
0.40849677647721205 -0.0753695952117174
-1.0447729128548446 -0.9445024735988383
0.39930196417872954 -0.16812525433271866
1.1943520994473122 -0.9635784928446833
-1.034654613371755 -0.9264676184914074
0.9105861249122806 -0.8208749930880346
0.4101250150159219 -0.1849891582840683
-0.774339927693057 -1.523885316206092
-1.4013646261563697 -1.397442006972523
0.4166999556230398 0.00954474034916138
-1.1232417520497235 -1.0436684188426897
-0.6520115735216214 -0.984377746877832
-0.5400000061411445 -0.9045200243896938
1.0744420661627103 -1.023076435686145
-1.0765693694566643 -0.9869711479599423
-0.6102459571880436 -1.5351443035878618
0.4332968696514513 -0.014736588941913237
-1.0669099053463649 -0.9622486497798458
0.4073628700820953 -0.1321381726078803
0.8135911951009247 -0.8335947589563008
-0.7686422136932235 -0.5841790901278257
-1.0180611794833558 -0.91264996168959
-1.1539725420093188 -1.078671496515891
1.1438614447281499 -0.9269742591463009
-1.055600693959421 -0.9602309106018408
0.43649550212706123 0.046437210240670046
0.42583425564537203 -0.02405782304069451
-0.9559093205377043 -0.8306460729827299
0.6246969994692502 -0.8110830002794468
0.41328710256682855 -0.10225539314234972
0.7602930545622911 -0.8132217528754797
-0.9128041483214019 -0.7716088229821457
-0.6984358808960198 -1.5930255242228877
-1.031785019361968 -0.9199163878588015
0.8743923291459896 -1.0566359807749657
0.8763649381107814 -0.8318233667249826
-0.6453072456372804 -1.0624214719771565
0.4188750988508817 0.026274668525951023
-0.8352416929387967 -0.6736596094386528
0.4208908819463613 0.08485296858566556
0.8630116366810328 -1.184696643623121
-1.0496863586614082 -0.9476374453109842
0.3873031995868113 -0.15115894197991614
0.41477562974711263 0.03344715015375899
-0.9559402358754754 -0.8229136319098826
-0.5870133672822805 -1.5747859815027472
0.41052886157775437 -0.09107177244166421
-0.6549511120510527 -1.5641798222681267
-0.6203619324254056 -0.727828370840607
-0.8616725543256942 -1.6028547747177178
1.1564414879458158 -0.9253185301933288
-1.0207066018214157 -1.543353928408815
-0.6405119378876545 -1.0607311431257966
0.9357366528486156 -0.757349872451894
0.8761037066660827 -1.1628782646394413
0.4112109725343055 -0.1508615281993741
0.6768426908090697 -0.9496050478771401
0.7929743922469665 -0.8699958435300625
0.42003354832583695 0.07934652374572888
-0.8024334876283459 -1.202605673957179
-1.0813377771700337 -0.9920254935788886
-0.7004260506461263 -0.9795990789103707
-0.47637468715343 -0.6677949748664496
-1.1359888911604443 -1.0573417682677129
-0.8473962160047265 -1.2292050219600907
0.7916904466525235 -0.8446482953448253
1.0151607594862875 -0.7048002998946027
1.1364446498188219 -0.8767109753506968
-0.5174146611505313 -1.5379006366217531
0.4034615733311868 -0.24614083514323584
-0.8235570127575725 -1.134570537709089
0.44092287119176654 -1.0385667163010965
1.0872738101248496 -0.7910241465572164
-0.5519964981999194 -1.5478653425739533
0.864365143106536 -1.2129275496568752
-0.8010864607987196 -1.0930559548463892
-0.43398092461470894 -1.5317493952715773
-0.7084442164284417 -1.1791894600716053
0.9461819639556049 -1.2227131185971756
0.997745225872698 -0.7636041898641308
0.901086754145469 -0.7657010602521928
-0.8911252456445032 -1.5732851989945256
-1.1803562147407547 -1.114440679365
0.4164566026817896 -0.07578514047850833
1.0071202213896027 -1.0186353712372622
-1.1626199314893413 -1.0905536440100907
-1.0679276011991745 -0.9742222200584588
0.40679169754167654 -0.20611867906876002
0.9369083660357131 -0.8096060910744948
1.021527557064822 -0.7470745907274401
-0.8324566267625015 -1.6242834777394415
0.5258735872911287 -0.9408212151612869
0.6203964589426096 -0.8324909602512621
