0.4034789160977699 -0.878100663189629
-2.9918425136085025 -0.581604875129242
-2.909433985516728 -0.46553701278227955
0.3084164934731551 -1.476959160443686
-1.756364910177473 -2.2325664254591393
-1.2016766905426615 -1.6072235337137626
-1.661596675546461 -2.0973136540785484
-1.559192883379592 -1.9996377387730615
0.3312565633302175 -1.2465456431070618
-2.4548903708214427 -0.1480630836331283
-2.4602959809865075 -0.14589980269285505
-2.24798759521468 -2.6907858764874693
-2.375435640851901 -0.10388464887737733
0.3921266393970697 -0.9117291419736678
0.38152947455734243 -0.7972473722254412
-2.6667185636345327 -0.30322346627209923
0.3938714559589019 -0.9002871377013453
-1.747512132755491 -2.1822060604830495
-1.332566952162893 -1.7634557482406206
0.30555539454472 -1.3991105930771817
-1.4382635933410264 -1.829712019703749
-1.5586309619172438 -2.0059163431293525
-1.6126958017729118 -2.080248454844145
0.2910658782537828 -1.5598564109240691
0.3523261440515355 -1.1324508131227318
0.3998545274262984 -0.8197887970664557
-2.575143547257338 -0.23108931757491852
-1.7108808451501671 -2.1175590044022607
-2.642394221634705 -0.2872553689873353
-2.3557765066080956 -0.05807749476429103
-1.6644963110742372 -2.0832636008945467
-1.342239256324078 -1.7415060519847518
0.3799269643093269 -0.8773513847257925
-3.200843173840028 -0.660938087950875
-1.2922654258523838 -1.6886013371930115
0.23968229511583589 -1.9190160619071435
-2.8518802713952462 -0.47031062514279426
0.36648364917224907 -1.0890290262953375
0.2846784767003122 -1.5842674252034838
-2.2939873803212247 -0.02020563938473119
-2.6449581371565527 -0.27744870784870124
-1.5039598023695517 -1.9023204275788719
-2.742569047543647 -0.368105154451018
-1.3268518892879917 -1.769086114533245
-1.2759472370990246 -1.6667462464710439
-2.2426939846463507 0.02049657810418326
0.3505268537342861 -1.1701081614212154
0.3687023985274026 -1.15447269488137
0.3127145615902367 -1.3315864667543567
0.3315190295019886 -1.342790044741844
-2.1031333089723456 0.12693976466876467
-2.6097800689614803 -0.23902030121097173
-1.4282322637760743 -1.841757706118576
0.3230242773413995 -1.3598239286762306
-2.296725422417263 -0.01324010606481929
-2.8588175504591637 -0.42913565781837815
-1.2808432046402063 -1.6976328527960187
0.37416996096312694 -0.9753654978727646
-1.0531981269200175 -1.462012386511836
-3.0080151889284577 -0.5908796144225716
-1.6493376896572993 -2.072306869485343
-1.3735044896650852 -1.8002590322396141
0.34183632012388526 -1.2111070895654927
-1.3992022557958217 -1.8134477972293022
-2.667012905853519 -0.29512250736234175
0.3104770062333678 -1.4115553953735145
-2.9081256550588597 -0.4473226056578391
-3.252380384748336 -0.7157694053678938
0.35242865457317213 -1.148494809656625
-2.507640285469229 -0.16463773145650065
-1.3181351702099953 -1.7251082988429478
-2.3109186713161285 -0.022523622000266103
-1.3523473521676954 -1.7628357990981867
-1.5210291821894677 -1.930768940239519
-2.145906519705667 0.10534160567349311
0.4209498584359151 -0.7578306458163211
-2.379202290821892 -0.0692442918371158
-1.452018533731834 -1.8774440498549487
-1.7718703903520332 -2.19951951658061
-1.467137890427765 -1.9113538438093798
-2.838023378450975 -0.4129534787618385
-2.636336440788805 -0.2973582654547652
-1.57768270726649 -1.99782497616397
-1.7429904559970266 -2.1670837291566447
-1.5694331833577977 -2.003923744593421
-1.311888847657476 -1.737072057496063
0.2971369834648357 -1.4524355912877063
0.3364484641688662 -1.2160259410980054
0.2878934233445184 -1.5929409178742553
0.34756569391531805 -1.1214912990943953
-3.0007066642875158 -0.5433745324836352
-1.3803577853855082 -1.8145065356656869
0.3930265518788515 -0.8714643299546886
-1.66352738695107 -2.0838601048060306
-2.8977326736765048 -0.4595045406307681
0.2519702205202152 -1.8388797587677699
0.32455062893241005 -1.342730254026913
-2.5651466829732343 -0.24807115483826692
-1.6659127616884284 -2.1028908301834885
0.4333610767263103 -0.5996941196223196
0.3233342037630807 -1.3232552832502211
0.3248905158711679 -1.4090345913791795
0.3198913621581211 -1.3116483581637661
0.458974499941435 -0.4731472941519524
0.2378233381053866 -1.880094267057934
-1.148651728721259 -1.505510159022065
-2.385207500794473 -0.08831229856855068
0.37617609273055475 -0.997451225024589
0.4069924113143464 -0.728495810390976
-1.4786017485386858 -1.9071414803767195
0.3006515520029308 -1.487390139868115
-1.2501476331766135 -1.66260443189294
-2.682075406167522 -0.3278795693529193
0.3722828092295192 -0.9771377163222926
-1.2669399587253978 -1.6337200199519224
-2.614311468766396 -0.23843150256807544
-2.9113307724103406 -0.4840467033854237
-1.2111941168894742 -1.5944392482916139
0.2649574793389381 -1.6533773863625156
-1.2233758418024787 -1.6349206241625795
0.3874089653938887 -0.9108387735534503
-1.480107921063055 -1.9220766294483007
0.3753721237994186 -1.047100318825044
0.3112356432866144 -1.2852316714592729
-3.2699803180969487 -0.747566918148134
-1.245062831219134 -1.6253547565660753
-2.5349441611849803 -0.1761932913730181
-2.2985146973012953 0.0025407832894618343
0.28449808023738554 -1.5619715806462553
-2.462419466799548 -0.1359462119774067
-1.3248102635174663 -1.7403160407017908
0.3177184371252374 -1.3102647950248578
-1.3711694334927582 -1.7954859604030518
-2.719238587845201 -0.3385112430655995
-2.810165560537773 -0.38569488975802113
0.3101729196610482 -1.433658856832966
0.2711806449019753 -1.6288083944604193
-1.3130004771683503 -1.7432480460813302
0.3497172134306491 -1.1337102349844443
-2.465381929594468 -0.1341695676543669
0.3230828045729667 -1.395432789515783
0.3931758443328215 -0.9600184873429958
0.3861161646859433 -0.8492035520638869
-1.2759528835304716 -1.6842231939880485
-2.564164717820923 -0.2136452391881692
-2.146132988837702 0.08801509160879924
-1.8867720206814145 0.3002992816698148
-1.6232778722986736 -2.050119594590781
-1.4918475860764053 -1.9210449090248853
-1.4376884269330636 -1.8636016364306474
0.35518115823203067 -1.1343479670993366
0.3548517803021718 -0.9800208695069773
0.312429810331588 -1.3295903858850653
-2.8151545754926213 -0.40332499888423584
-2.5536111244655144 -0.19126760750761151
-1.4998739733564053 -1.9609025314745918
0.32146753341434464 -1.2317063596227573
-1.2128565313895747 -1.5817093597424965
0.33463213422917076 -1.19175536369394
-2.331467923858079 -0.042774602604061254
-2.568446708258327 -0.22435163453997453
0.3473454526636007 -1.0835902567992057
-3.0281653466810288 -0.5701977554351706
-1.669145109581102 -2.135004833234019
-3.1492322518014095 -0.6269498145769492
-2.378779881935885 -0.07818823982187524
0.31816639287600545 -1.3570054152099957
-2.492307546637203 -0.16988880318595967
-1.7727229321242448 -2.1930233836506634
-2.4759725678690394 -0.1472031823702086
-0.9804352482261107 -1.3749472428557203
0.35024710639090584 -1.1455966906640263
-1.5622044292556585 -2.0252367988504334
0.40525003422525896 -0.9007300880062777
-1.7064414459460004 -2.187885863522193
-3.3047667514616963 -0.7705277389523648
-2.2997412784023354 -0.06075116785069275
-1.3518781776124005 -1.7751341002857464
-2.2246875593442623 0.020190596536076466
-1.2044476352319282 -1.6262436167536667
-1.2726672069065417 -1.671172593365639
-2.7940020401990884 -0.3506810462891916
-2.9667883654951934 -0.5205913623308096
0.3059323888402012 -1.4742722663769432
0.33022728303865045 -1.3689112533623065
0.3592160548108468 -1.2640826360024806
-1.4196733734861546 -1.8864778218545308
-2.2210805772490594 0.06320995924243633
-1.6258012716997146 -2.056726026381334
0.3120558345996827 -1.3732456345624036
0.3389984822410166 -1.1690361570640593
-2.430295812495679 -0.14535400594517367
-1.4542861845294812 -1.8457095312210927
-1.3205014196564542 -1.7311243972000998
-2.7555762892407376 -0.36776405231480247
-2.481159694410497 -0.16656579922568793
-1.7837523048816009 -2.2563539322774635
0.3669950272637382 -1.1379441381392381
-1.6267009820852005 -2.0714087353420823
-3.2883349372612045 -0.7698123981970637
-3.1187838868349704 -0.6282954343011427
-1.2696561220228777 -1.6924522906499233
-2.4088159506493874 -0.11343271695421292
-2.696398402701564 -0.3293486095152097
0.292574194690324 -1.5170374975596392
-2.1705136454244256 0.07662053025424279
-1.7745689048606583 -2.1987455320045726
-2.2951390135911827 -0.03673440714977897
0.24835821941283057 -1.7771395694689698
0.39498317494975344 -0.8889859817548902
-1.987095768481232 -2.4410741721515414
-1.0738060986160396 -1.4986194870618725
-3.0558185495582624 -0.6197390671290938
-2.6405843868250973 -0.2647890089553826
0.38743812678029294 -0.9430091643214975
-1.2232978792176872 -1.6429727226935023
-1.3859815992734155 -1.7977977388736746
-2.1582336892717944 0.09753978655091977
-2.41996601200826 -0.11031749698937363
-1.2204299413286397 -1.645249986693619
-1.4023249171376064 -1.8276757086015512
-1.298297061566469 -1.7387940412445968
-1.5115883777644075 -1.9807637376778957
-1.2629310308683064 -1.6651227823763932
-1.4720949045087972 -1.8925043444635805
-1.4927722653300388 -1.8844978128097163
0.34730623863650945 -1.0836982840571265
-3.0513352088894736 -0.5766546408461442
-1.4872601590074725 -1.9244853700593967
-1.5315234739655514 -1.9600518712218398
-2.5307645117770905 -0.2157642663183577
0.3697466029388404 -0.9366993547743607
-1.9350949192617257 0.2373406831313698
0.3114653128347161 -1.3970226556472087
-2.6218137975534117 -0.22931393252105653
-2.7356740168471436 -0.3750818251645838
0.34089442798523895 -1.1327478543805825
0.34021036533607 -1.152972260851115
-1.2187322752317578 -1.61388615205842
-1.4419471365637104 -1.8870488516112012
-2.794771683377263 -0.40696696966407814
0.4072849853938838 -0.7424873251934209
-2.9126992851048197 -0.4578556928912921
-2.851522351333987 -0.4261624197392544
-2.6929297583729737 -0.3134459537987387
-1.536809306810735 -1.9664867705388291
-1.3693815480695148 -1.82183875489731
-1.232179930388107 -1.6277424791944688
0.3272023243510779 -1.3028332935462847
-2.331572952196121 -0.06522453758159821
-2.472014070332123 -0.1979439507199158
-1.2869529652823273 -1.7479300237272846
0.3963101896483433 -0.8321185440468067
-2.411533811308601 -0.1353438372143061
-1.6918208515862407 -2.147956190071626
-2.9590351576077323 -0.5173585597470687
0.30873309847826635 -1.325964701017059
-1.4189906055652743 -1.8786379652049834
-2.6151322044945124 -0.25670287025163235
0.30480241303048994 -1.439169182820904
-2.6553636085199317 -0.24956301235547118
0.3836177905255807 -0.9067143498622158
0.35992995984668263 -1.0160179677500374
-1.4639049152479953 -1.9097901037511749
-1.432014655248985 -1.8223120833644026
-2.3168733272061997 -0.03502539388281119
-2.215926628042855 0.09133176376336097
-1.3916543738024982 -1.8507283971360766
0.42763520086843354 -0.5716770350671306
0.3288922436446854 -1.2002132563193628
-2.40954580378406 -0.09543722878474847
-2.7669948773677957 -0.37638600273924633
-2.857985302169687 -0.433838499308932
-1.5406229373624627 -1.9993664563209053
-1.3703821479461133 -1.776185207100886
0.30030018986758766 -1.4502513171928038
-2.8310714980269083 -0.42111470276088725
-1.366692921866448 -1.7736274520790112
0.2625365975042625 -1.6918331721337245
-2.5802030011886345 -0.24215105939356119
0.3022445209068412 -1.3871933615331837
0.4139251587248681 -0.8432602249931183
-2.5176253170938407 -0.16917175777072457
-3.1076478951548543 -0.6098657994696334
-1.6389460828708935 -2.0981130996271187
0.39259723019694565 -0.8745171232578947
0.4541709591577761 -0.5097281951820902
-1.1578014739422682 -1.6182620947777355
0.3487130983855241 -1.2483534311855609
-3.036914688541103 -0.5798698444723869
0.3480891453489585 -1.2244548216682583
-1.2477687040606935 -1.6576447557879774
0.2946816731744221 -1.474488818333953
0.4531166141642682 -0.5272915188243484
0.33123249865223187 -1.2682059887945207
0.3796676665906194 -0.8875554580654683
0.2761818142895529 -1.5901502234233178
-2.7698261079932243 -0.3807215068462979
0.40737652186481954 -0.8423217371862082
-1.500740863442486 -1.9441076972476712
-2.535963690210319 -0.17545665633594393
0.3171833548342758 -1.3815977436071327
0.31867188894582044 -1.2990576950254469
0.2757351677273766 -1.586510453213121
0.3008424042888185 -1.4769902800593826
-2.7179019599120684 -0.34136089403870395
-1.3569201039973147 -1.7590296622803916
0.30364188671336056 -1.41384106821561
0.28584332715639094 -1.573725883006011
-2.62441970061291 -0.24691838040875538
-2.0995014858675867 0.15640923485776065
0.31605133120851425 -1.3010155692656713
-1.3542014070798354 -1.793795158376176
-1.0118917972340822 -1.423185157827587
-2.5674829386935647 -0.2002067752431929
-2.6611372067141206 -0.2763224146580273
-2.7609341456409187 -0.37409104369144247
-3.1378170400368255 -0.6848574631503006
0.277627167611608 -1.582621729302299
-1.1326379873935981 -1.5363551467565864
-2.2994125231408606 -0.008668367228712929
-2.5896338720472176 -0.22839890492774045
-2.6244743636288854 -0.2865744781100005
-2.73805949541198 -0.34091344194196843
-1.433107279260554 -1.8208988646012982
-1.0636011229704798 -1.4530581901333595
-1.4374859960326347 -1.8934656995877681
-1.563871330310885 -1.9739380432918239
-1.7315183468936777 -2.1630599565617246
-2.3415147544276325 -0.023067268958122906
-2.4412132108598454 -0.13003587906362934
-2.736690603073061 -0.35066840476255773
0.32210777914859334 -1.2311031856707646
0.3794695003908557 -0.8974643976799502
-3.241500010413138 -0.7209911913193123
0.34117493124738263 -1.2648231059623052
0.3609007816505275 -1.0753104176179167
-2.7438517938463143 -0.31981609505004976
-2.433160235316902 -0.11176818598322115
-2.679933832104325 -0.3220369166299893
-3.205989604364803 -0.7062855514569797
0.29516746698769614 -1.500496010021977
0.4064024732078731 -0.7679404441753311
-1.3194329041654265 -1.7511599649987224
-1.2559582342076714 -1.6485658752536825
-1.8075513019057028 -2.2452828057026784
0.3402572535863427 -1.2624605919342726
-3.290615190862897 -0.7518713108800213
-1.3960308503398893 -1.7741312143614103
0.41494466101793726 -0.82216160261755
0.311800248853755 -1.3600055517489482
-2.846603219862298 -0.44330561898883786
0.39147569861225684 -0.8808310950534282
-2.410739757190497 -0.09247481337332397
-1.4821476912462166 -1.9219072928992011
-1.53727950551148 -1.9782867456130084
-1.4129305074492482 -1.8200415645233037
-1.5214613408789435 -1.894512812142061
-1.7420720936064857 -2.1810164806662677
-3.0860236072086207 -0.5984891460467421
-1.573481560195373 -1.9672326411520518
-2.826318465235371 -0.404747162989013
-1.1853939876992199 -1.5937564237141597
-2.1390276048749866 0.07518722111209038
0.37004878877107217 -1.0461030049441686
-3.07058935241085 -0.6046989712543234
-0.9560651951294439 -1.322050463478805
-2.7674846067919745 -0.3827698530757737
-2.8591326727991846 -0.43243677486521603
0.36191087081235673 -1.0016187422378469
0.3261674718775137 -1.3293800165476282
0.37001421581833316 -0.9984436669446431
-1.5190560011104024 -1.9759357046859043
-1.6802613329999165 -2.1452161215789407
0.2728182336186588 -1.7253517501510975
-1.405059779247368 -1.7887205387859562
0.3838467822765186 -0.9239693847534414
-1.1347892913564674 -1.541143610226832
-1.916398016515544 0.26125709812892134
-1.2297433130876885 -1.6525185124619863
0.33060964776611446 -1.3523567162528727
-1.1539435941174692 -1.539389057587479
0.29660061473582927 -1.5355694710172973
0.35624052204980733 -1.1437134221546157
0.41817225692380916 -0.7326569513183953
-1.1698262427752129 -1.5496015076338843
-1.455626900190965 -1.899419587964044
-2.542720123854582 -0.23973988715222497
0.35207034852025865 -1.0241658396527245
-2.577869460491792 -0.24631511012792645
0.4044672828999645 -0.791367407828906
-2.7090690527412953 -0.2988077527004588
-1.3639074034126235 -1.7960914935713665
-2.8249038444856525 -0.42247680547068894
-1.395627466964136 -1.8468615138002082
0.32460235461488646 -1.179499203449392
-1.4917535162829223 -1.9546521915467485
-1.4748593934647412 -1.8889732870858085
-2.7363687502010317 -0.3524233453884471
0.3067850447847974 -1.463553277979964
