1.1214862219943647 0.8969407556676893
-0.36314410672239944 -0.5238368936046948
-0.9452623212123251 -0.024974079287913915
1.2316290411360766 1.161238111009757
0.3173221780513741 1.1785976769491562
-1.0842646374262201 -1.0140820571309372
-0.9640371026400142 0.18722537610167012
-0.6256501102516633 -0.47727211513140805
-1.0876142025556694 0.4193833904005095
1.221866348566936 0.9569398950761628
-0.2550435536493454 -0.30256901540855063
-0.5058618791000749 -0.7637104184104906
-0.4224675490769291 -0.38377671745384195
-0.4731672101306541 -0.6764947828435268
-1.0186242999614483 0.12994961142631412
-0.7791137449504891 -0.7328529268609225
-0.9792129854009326 -0.0034170821276301605
-1.1769188009522311 0.3801274291375319
-0.3484764944300413 -0.526217009053322
1.0584816574167035 0.887312398759966
-1.0340349905811548 0.11557690347550716
-0.35809781658409723 -0.5305900289067312
-1.0075615503706257 0.1452224330583324
-0.9215530974644424 0.01988273186016477
-0.9970906693826447 -0.9390473958441922
1.173899428085343 0.8995378626810049
0.25992075160337746 1.3873595564789591
-0.8114341816744282 0.33468762842676836
-0.8526415670441471 -0.7971952496235701
1.206185481143252 0.9880376079059209
-1.0312805144841135 -0.002600371461316672
-0.9788775879418479 0.41055414996572354
0.2592505422481297 1.3829445807159768
-0.5522791260235652 -0.4396557517307827
-0.7956957198172699 -0.7459875654594893
-0.8507641068687104 -0.7958635615599263
-1.0413690831345133 0.10424762085924677
-0.9897281287570293 0.15642071901333438
1.2318850275744495 0.9125649226123185
-0.825677961488203 0.041971173495873176
-0.526757874269825 -0.43171738710481283
-0.9581974406754912 0.18213129284038126
1.141389145842778 1.1040694207687771
-0.39057720065290524 -0.36784597904235
-1.2125180544501375 0.39195130376443904
-0.3444571315219346 -0.4938253382362585
-0.4365514091683764 -0.3863351416891211
-0.8248052861289804 -0.7794034993914091
0.21625603384927214 1.2819642677818248
-0.4716824275987461 -0.6860539915221173
-0.5471164988430552 -0.4380733117492554
-0.9497771987348754 0.20622194360790075
-1.0100303052862263 0.4284606353358989
-1.079989721428651 0.4257956250005131
-0.48822116071780425 -0.41529476720491665
-0.7731901222829595 -0.7291125612188479
-0.8905464409542535 -0.8291383832632799
-0.6131247702516888 -0.4725299071686756
1.1982894968261995 0.9716375771742449
-0.42741603933819067 -0.6139944238368321
-1.179025118065314 0.3934898153397599
-1.0514558244596082 0.4334586304399769
-0.5498455209761214 -0.43957840620129085
-0.4764173830790059 -0.4057790094134048
-0.605726661188019 -0.4681675248585457
-0.9784946699741904 -0.015013046981671798
-0.42317160572207113 -0.6133576705352022
-1.0390281240628434 -0.9694138229685328
-1.02065611305153 0.11650332598855874
0.06663938763791102 1.1308237092656155
0.2778155331907417 1.3278277821893074
0.09340658144696237 1.3291402171396958
-0.4044154453621729 -0.5801195050760766
-0.39620430763943426 -0.5843605960828978
-0.28105872352340733 -0.3192319951635072
0.21003417034470923 1.4296687790210418
-0.5819501937068556 -0.45685280920364874
-0.5333006599585819 -0.7960420937542305
-1.0542037918822325 0.09435089407251426
-0.9239731833831775 0.21047916377604287
-0.35585185610159964 -0.5210063695681298
1.0836500074927666 0.8020085924270781
-0.4194750317100566 -0.613593560378156
-1.1280104292231983 0.4014045644271373
-0.37722635737400956 -0.3592664031150049
-0.9690944165355314 0.010850607228145655
0.2250319317040265 1.040950629345598
-0.9837685374461316 0.15784029064014443
-0.7370018520604196 0.020547395337340565
-1.1289486894863545 0.3821054594974319
-0.9877363599492532 0.4055018279919491
1.2797169556532482 1.2644803705735126
-1.155963980555827 -0.009489026113712579
0.4054343776128799 1.337945503243628
-1.0888455577516456 0.39453912169654987
-0.26127838067986353 -0.30541971319176847
-0.49275646913924936 -0.4166065932969514
-0.9861866495877042 0.005158175244317054
-0.38887157556095026 -0.367279612505363
1.2557421951223438 1.0975302504194302
-0.8026217377705277 -0.7557221507043961
-1.088948723251385 0.05444087606555137
-0.8022891802041647 -0.7536160212437486
-0.9473879474496036 -0.8875222862554801
-0.890949477718973 -0.8321473400014079
-0.8749124877812657 -0.8183213062989176
-0.9818520844819126 -0.021082660322953778
-0.3422205252618008 -0.4784773494530376
1.2347806328039084 1.0878656083578173
1.1965937501891268 1.0385186073703236
-1.0483631446659507 -0.021633118075205425
-0.37393878923604 -0.3573780045776972
-0.6188396125051261 -0.4731013144746075
-0.7383676995221335 0.39900500467825406
-0.4404370356511403 -0.3915779266916304
-0.9766322614121634 -0.004481933472713423
0.17427331474578803 0.92300304712186
0.9453648945413101 0.7388124015637305
-0.9428492883595766 0.021921113711842456
-1.0438046748665104 0.4187242136371297
-0.9749760414337643 -0.02802522790828902
-0.28090415366879795 -0.39138915588936074
0.9870319448802394 0.7026393506849797
-0.5650894819954175 -0.4467436711633918
-0.4932754669193562 -0.4157575971436196
-1.1793530311942537 -0.02099750174045653
-0.9102421235710745 0.009257477948691624
-1.2149003597228425 0.3867440747228559
0.1422692120889375 1.3782807490493847
-1.059575399907949 -0.01386684460093884
-1.0071335922617128 -0.042552586902908654
-1.0838035180825931 -0.01670688135427735
-0.9677508058055841 -0.025402532381103907
1.1408911058378883 0.8484746275840283
-0.3703407495936515 -0.3616684491899882
-1.076362972037226 -1.003713908933984
-0.49844342172241207 -0.7441385973761262
-1.0403698399274601 -0.9682981868347983
-1.0554287456395675 0.09041700355589695
-1.1413575260409945 -0.029888395732170052
-0.40043605688796463 -0.5788106455194967
-1.1673568776019878 -0.030203185776237637
-0.3411971364154889 -0.48065394111288795
1.0402356767659997 0.914462097397806
-1.0851577047531402 0.07523441512304492
-1.2106176197882297 -0.06586808105561984
-0.43702028854569197 -0.3879535998649174
-0.464263828949772 -0.3959137184826851
-0.23258978151898022 -0.3122660782299642
-0.35423193794524943 -0.3517363612282891
1.0913214426334588 0.9643331815735703
-0.8464081260312712 0.017403171380782737
-0.9459271178017845 -0.010270338587842213
1.0467255792056696 0.9136689662277894
-1.161916180662667 -0.027961380550201063
-0.8903309429849235 -0.8303688770873332
-1.0924223098576116 0.3701293313329297
-0.3294377143600365 -0.4866863631987621
-1.0765253803473407 0.06189111787360296
-0.25343202686966854 -0.3452173844365989
0.12241933937774097 1.1233687582291212
-0.8957175224696801 -0.8429039440064825
0.3904654490291287 1.3322564169061974
-0.49457563025331275 -0.41671541593554584
-0.8503929111883907 0.0099120806509874
1.1772530311611034 1.031506454705346
-1.004263657496623 0.4297254075536433
-0.9008114320812075 0.24500678555516853
-1.0536911323060691 0.39930653421516016
1.0814875415282594 0.8610728657852236
-0.9789610864500036 0.42973952080807204
-0.3506607930046614 -0.4969138844439417
-1.0241021954906122 -0.017713990811761653
-1.0811072995809312 0.39411621675304553
-0.9953038631159803 -0.928248663774445
-1.023454390579821 0.42222834138705473
0.2781523791513715 1.3095494904527532
-0.9984772117310524 -0.931814858841334
-0.4640637830281196 -0.6795875078275871
-1.0166231036107323 0.4425307750995197
1.0846570240663702 1.052697786132078
1.0608592203485556 0.854598068106643
-1.0493041605727682 0.421671879179609
-0.9632588685962802 -0.8984472627670166
-0.8783177762713923 0.002407452890911586
-0.9007595171026822 -0.8415721394714423
1.0545653163065734 0.8055359410047711
0.29672498710933487 1.3122420676386448
1.1628010197731589 0.7603812282555122
-0.9929526131894144 0.45193701220722815
0.25427218045128297 1.203948257870192
0.05713842268942938 1.124138339011714
-0.9525956928018788 -0.8904588646501767
-0.9861445581797946 -0.019937419712104054
-0.3713791769727496 -0.36248807413580136
-0.9412710152475176 -0.8809023963442292
0.3576453355802074 1.4286746971912356
-0.24874905157115676 -0.3456675081639623
-1.0472058358736827 0.09810444298153878
-0.862265828263141 0.0056519971648026565
-1.0299810403026997 0.12481810869361909
-0.48638953761511794 -0.41494475744927467
-0.5342916986476554 -0.4313742949609935
1.083491936501274 0.798832069782816
0.0019965675453689213 1.1689120082239104
1.277349291174972 1.0860264191466849
-0.39369878216335685 -0.3757575207233396
-1.0643037438767762 0.40532111253273206
1.1838399748909554 0.862148690184728
-0.4751107726641358 -0.7119929794427562
-0.5380360820259611 -0.43385675950614155
0.3254103094979568 1.3030575459473237
0.2121229569661881 1.3696877072332916
-0.5226082032754386 -0.42085712984035334
-0.2892242932558122 -0.396211508774043
-0.4538074001447326 -0.3972618029925825
-0.9550772028818915 0.19363051040299817
-0.9398701272332939 0.20582574877137574
0.13596264612672415 1.2869168128291095
0.5172576599635512 1.5713563970667264
0.9691299710047467 0.7454904275989338
-0.7745619291119381 -0.7305850952173509
-0.5384220075361432 -0.4377226913648932
0.09334431704416492 1.2533267406150528
-1.0771521452071335 -1.0054922623995912
-1.0027245613496174 0.14351559169058056
-0.9920299539276366 -0.9267043878287305
-1.4186518095853207 -0.2539990207623525
-0.41698547695705696 -0.6040765695249485
-0.8356831461435008 -0.782345333879342
-0.8664344137324529 -0.8126144880547372
-1.0131819091315277 -0.01845175665116936
-0.31813310552544594 -0.45166318234603886
-0.9963154402837822 -0.9325291750587755
0.022643329017618508 0.9352287451320964
1.1170367880831042 1.0245448984186556
-1.0722070125095622 0.36838153802401813
0.14078850229298798 1.2815097384656824
-0.9779249226003501 -0.015486334403059179
-0.3442219386551927 -0.488376907989185
1.1760324446229107 1.1423866108743035
-0.45901181079589126 -0.6897136145955984
-0.8672394303539452 0.26814185158197246
-0.503866133711234 -0.42044702156554326
0.17765447675864113 1.1299800384733172
-0.4159890946402104 -0.6194769047729907
0.1054297686779741 1.200775129700501
-1.1113205079146602 -0.025698588213199185
-0.7907680108040889 -0.005046206605629143
-1.0937128277958192 0.4375782882565951
-0.3815455891841836 -0.5668359448554741
-0.8609797742639866 0.000894707763845027
-0.8474088450686732 -0.7972528819289746
-0.5138852474655633 -0.42362857887742517
-1.1092892870545805 0.3997782857509714
-0.9673516317845757 -0.9080015443240007
-0.9937294934866275 0.0028748901279878154
-1.1034000222224485 0.3923525377156753
-1.055124528033426 0.4298887813214005
-1.1464491049938765 0.38056855484851193
-1.2038980846198426 0.38871188031666465
-0.5314422112364223 -0.4321391400269803
0.9954479490962344 0.9120066329013402
-1.1292759584657168 0.38739945204415915
-0.29568594419641553 -0.3888833922451448
-1.0966280055118842 0.4061924808616526
0.14958123622680264 1.3481232570458435
-1.1050747892370605 -0.024717893109282803
-0.8625700270967036 -0.01742511585887059
-1.1419939186288088 0.016428178205819516
-0.7940044873680769 0.3431226077370464
-1.0450025904945848 -0.020894418098650933
0.19475546905254137 1.1301090551675277
1.176770575890136 0.943766383331913
-1.328078298927037 -0.17183079143401503
1.1796533491641952 0.9881382214550715
-0.4194774030278034 -0.6223727416344075
1.1073576340683164 0.7836713908109552
-0.8679037991319689 -0.8160210802757434
-1.1388998629990241 0.40093075122380556
-0.3547384464852264 -0.5121636476492237
-1.0731259665865172 0.4057755652608761
-1.038088969548576 0.4231388614126962
-0.34109933224686984 -0.34640229329582484
1.0256608873888806 0.7849713139840168
-0.5444084795464703 -0.43796812575040067
-0.9193273235070374 0.4180186992161185
0.0722148248139479 1.2087724812974012
-0.9768559887718379 -0.0032157725720805214
-1.0958941040558192 0.3990060135792325
0.05014479487986612 1.2052246708058594
-0.3877606006005176 -0.5722961625373477
-0.8771898995099724 0.2693756547405844
-0.3179937178013138 -0.43903587602649685
-1.1420893638393568 -0.006255055424314463
-0.36917433827604856 -0.3610832930506515
-1.1126355477244454 -1.0416146250484795
-0.9696986933994091 -0.9097409934663794
-0.9483798962341289 -0.8886075914580408
0.2799797522753062 1.2367012903405148
-0.7899228333909506 0.0174438391537359
-0.8576150664599785 -0.8079095744009159
-0.9367147757688254 -0.8702075430494853
0.16348912745845168 1.132153628317072
-0.468422542935123 -0.40487249036214007
-1.0659908750807525 0.4147406772899014
0.18955351506231857 1.419596310578161
0.2892270970485863 1.2504638671503985
-0.4002842056727817 -0.3729029181052849
-1.0988673633593258 -0.0065239265957537425
1.3921788655583582 1.1950357710254509
-0.8370596789856698 0.3015413294094406
-0.9240047847527673 0.0039982603213589065
-1.0331919153922426 0.4181299679174317
1.189205135044622 0.9482185442816207
-1.0245221676715315 0.4342262008305073
-1.0426786518875424 -0.03320762592827901
0.847784464814207 0.7804982947346081
1.2634387980977368 0.8715305255814075
0.024415572529401908 0.9197455967048214
-0.9962117569962229 0.14985422487697797
1.1717995755470414 0.7780030707590739
-0.6823853039612912 -0.6390183816961839
0.26165382926860237 1.3088053226220866
-0.39613848754714637 -0.5902737092918674
-0.9175773676580348 0.23251183192320674
1.0734989791677125 0.9593602203181277
-0.8744230708608327 -0.8150152050364486
-0.9649006438354485 0.014703669354325058
-0.5009667118836286 -0.7628294972558616
-0.55735665609293 -0.4479743920576701
-1.0957496804819091 0.42024538965506525
1.0461145088138193 0.8776528466188432
-0.41340527172230346 -0.6050851201751155
0.41848376011314237 1.3782824725383098
-1.0585439679762272 -0.00477568893729017
0.4326703979222431 1.3982127884143276
-0.5307533543896649 -0.7776196639526707
-1.026377198087208 0.11055827563237075
0.1268452508156439 1.2633792880548658
0.14634614969502993 1.3530119946098236
1.098568469112353 0.9211082882446762
1.2305355321041265 0.9958356024676857
1.3826748934521071 1.2918099286334885
-0.4075968417910168 -0.3742916578946969
1.151482888257898 0.895686266286333
-0.44099069357132925 -0.6712434658645159
-0.5391898672120818 -0.4378649147015293
-0.8371327994826359 0.29417938140009264
0.3247833089259239 1.0277315309822033
-0.7676911450563229 0.3760417449803171
-0.9673062753607945 -0.9084705256936307
-1.099739014462778 -1.0322147564543582
-0.5173561706496616 -0.7739185623032413
-0.4405882905839223 -0.3916408633437973
0.41098790928887957 1.4824907339218023
1.1851112731640834 1.0733700312373697
-0.7692204338687403 0.01353124598551363
-0.27824062122619575 -0.31600821237785504
0.15493985637614568 1.1898743291029064
-0.8048958512291309 0.3321205239949895
-0.5857197125062884 -0.4570533653669927
-0.27139720493155484 -0.3733803345408384
-0.44068378930325697 -0.6540908397930161
0.31955190499168473 1.3145486912693376
-0.8069182897343758 -0.7585055148296082
-0.9570353757790498 -0.031265507496382454
1.1036205275169566 0.9853801894718797
-0.4729308523287856 -0.6836919641346734
-0.4277222503468906 -0.6425338007725072
1.0566023667448645 0.8021076092622635
-1.0342301920767996 0.007462753887259789
1.1078578923802964 1.012317794349455
-0.4930694317495183 -0.7300103668755779
-0.890018643706904 0.2381955329216158
-0.9668916905545855 0.17453430882712626
-0.9950071945909987 0.0028948645573692163
-0.6506261337875674 0.49520313923241027
-1.1898729201930547 -0.0506810767796204
1.0916804152092812 1.0329002308609514
-0.4473946711017266 -0.39333371813575746
-1.0085450173129378 0.4474040069906506
1.0732729862363024 1.103877679535593
-0.9378573205535895 0.4462198641011151
-1.1932107713103484 -0.03411640719461426
0.24509133950181705 1.3150696951442944
1.1158977304473798 0.8684316491870018
-0.8123924552456838 0.022917524142543437
-0.2930187764082471 -0.39557995185065764
-0.9150655820659104 -0.8568247147390786
-0.9958215461063391 0.15175106011353992
-0.9096704598671076 -0.011172389443331803
-0.7252770470752472 -0.68328588086614
0.061594855293551784 1.0880567289504521
-0.39795658562278435 -0.5758288797058877
-0.8813801131038453 -0.0008568086899594582
-1.189709970667857 0.39517541878399015
-1.0765695149924868 0.43918862722723506
-1.0539585187880394 0.10207391239481646
-1.1775120169883548 -0.017641141563169316
