0.2196651029036913 0.8666636510508994 0.8213207912110236 0.18174504340515174 -0.4030399673042603 -0.6078402533690376 -0.7539780309844419 -0.6972335182345623
0.15410931503216543 -0.18885282033298534 0.4476874153057631 0.08628451856866949 0.632525255344964 0.6686317106027393 0.5633591644843953 -0.4544411703223708
0.34164999666565643 0.0002733892614587008 0.7614871459086034 -0.3116934680660868 -0.649745026287919 -0.47153096067697353 -0.3716343184593421 -0.1701118573633476
-0.6997282108864682 0.2483231789596473 -0.9347353426117696 -0.3337309210443671 -0.35170510885678974 -0.49732912344945135 -0.5453373234213652 -0.1839438888375056
-0.3160862374510148 -0.819211419486352 0.7267560218209931 0.5010429142141368 -0.29518918117391424 0.045914774039642725 -0.6628769874042146 -0.06699777440196888
0.5137282230577979 0.12303858387331568 -0.10220381038100979 -0.20581259970925808 -0.4886220153088801 -0.6540864960155554 0.4829105511298727 -0.7382348862085151
0.17155758378561373 0.3368570416607085 -0.619846516810076 -0.9382372144374559 0.2624645707214516 0.3797899256269317 0.3288622972637765 -0.20436419049437363
0.29606442025811414 -0.10685385607538186 0.8864088737880114 -0.4809526917623007 -0.5495854893629388 -0.5147288431730597 -0.3345429965521741 -0.21813665020868617
0.7103137012767938 0.11468000042900373 -0.5348584679974095 -0.35836664709092597 0.5656361446847724 -0.0036693062624530053 0.47234195452897404 -0.8522519332292691
0.5802199720816902 0.3443456649245878 -0.04845528673593502 -0.12793143759440634 -0.3817733156881423 -0.46779280617512176 0.5817157440799102 -0.5009818428335259
-0.023651259026129787 0.24478313971043725 -0.6767307097638691 -0.7778001704950017 0.35002318222669226 0.3404232371111278 0.28839950746212195 -0.10929365932229052
-0.06293330744395205 0.7828084906194799 0.7333247793322724 -0.03959911944533726 -0.4674254543939258 -0.6625362656751626 -0.7881645213495261 -0.8433441333376535
-0.6736463839268911 0.32161101298098 -0.9464528426487866 -0.271123998623017 -0.3008165829362248 -0.3381835883767015 -0.5626745034802592 0.028749976516288023
-0.46099430190281077 0.6703878578975867 0.7008902795135331 0.43301359404044193 0.515795135653516 -0.5539511987284406 -0.21009182969229623 -0.04477035030272112
-0.03797290259278232 0.18810801774076705 -0.6824715977363335 -0.8574566491439942 0.35521144424224627 0.23024033640929997 0.1840754235536735 -0.11655762818064164
0.6369758782237807 0.389671150510947 0.0754656348556055 -0.07286143824991409 -0.2795560303263804 -0.4830035671676184 0.6326021613917807 -0.5109264985691059
0.6171165476093261 0.2839501215130372 0.17882334168144848 -0.14152548654764951 -0.2897686331415394 -0.5019216061880112 0.637697707503725 -0.46715413469791867
0.6413152263212227 0.16225128745964867 -0.5438648471519613 0.6505289667528018 -0.26337072152089813 0.22566731751922853 0.5025731603153398 0.759621180969327
-0.33997394023422595 0.5801657497408608 -0.4961790157873863 0.006707489357168879 -0.23975083067790062 -0.215702340958759 -0.255207209995531 0.1284642699927579
0.22304695781079226 -0.09854678148896108 0.8853905386339385 -0.4526522397745718 -0.39801577691508055 -0.31648650419438823 -0.31389916691884245 -0.16749572783590408
-0.05864730235416528 -0.3589044544172154 0.5155725537982214 -0.6266609375557296 -0.6983187254624262 -0.5792547258918561 -0.6929019657761002 -0.41545790132974736
0.028085796914646556 0.6415401806729979 0.6858015217861813 -0.10809405168072528 -0.5021832287514344 -0.6879338465315774 -0.8700039488157867 -0.8902956568665248
0.01106393346998763 0.2368494066997499 -0.5776618788604355 -0.8231827338608154 0.32620920462331116 0.348653126462535 0.4816712321176662 -0.011503246411953716
0.14226952221477965 -0.17343473469973647 0.4800162343622299 0.12872149593706497 0.6296017365771266 0.6604925662636958 0.5384550585560883 -0.5140189268704828
-0.036862112284925266 0.42798073603852815 -0.44081401083929156 -0.4127914562430031 0.5890041122055816 0.559043230122225 0.5329839791497636 0.30547394065132344
0.10371670832170801 -0.2915822037258495 0.7762835641147106 -0.6543421342501955 -0.5925495263102087 -0.6267892241921429 -0.5103703564904003 -0.41608523537369085
-0.3000299386890426 0.8902407116013716 1.007170302837141 0.475611448005562 0.7360191596970412 -0.2948705425156842 -0.18330414261620157 -0.13368245653186836
0.19336573376359303 -0.13516285765466235 0.7978797081394093 -0.4435007345706178 -0.5849254841601668 -0.49800500645318874 -0.5288555204189609 -0.2862882559680982
0.28139068323466854 0.8630816637794179 0.9263485919661252 0.200826169890305 -0.2873988440747276 -0.5910335623255221 -0.7848883355077368 -0.730215061364024
0.33896332997257794 -0.6465689324400117 -0.23845308255471814 0.6092708377859564 0.9258937084126195 0.9170188748746384 -0.5217469408588983 -0.42236688149057966
-0.36736675386761286 -0.7217895075089877 0.7369937815504799 0.6105607982495544 -0.16827406031685813 0.08437323487789683 -0.7614399032550235 -0.011221205963433437
-0.5308724233441753 0.4411293409382486 -0.7553524950147643 -0.19899385163091465 -0.3370980795285024 -0.31177146132448846 -0.40560930772443543 -0.03942798453268299
0.13141500245042453 -0.27093565129441266 0.4194498143619225 0.16447720311355735 0.5942040818955887 0.6216301858202781 0.4958632845704603 -0.46880036499922145
0.0641826662156529 -0.2724378982197849 0.6908047356209555 -0.5094939045957203 -0.5499311712551482 -0.4387479372496244 -0.6159830651245729 -0.37506734330093594
0.17849945219517527 -0.2651363894832317 0.394013677299191 0.09110963763786709 0.5137284165603693 0.5147675819574506 0.40395500172506 -0.47814135887507897
-0.11929623205308672 0.3020433564939584 -0.6890237393039557 -0.8372060528297164 0.170329989243466 0.1362877701407419 0.1308914851412967 -0.07466089915382212
0.26363030236439455 0.6275744471818215 0.6011354884187536 0.5093056721177833 -0.7728631492688046 0.4331567203915015 0.20315788440119334 -0.25701230117228147
-0.10663856794384625 0.12001834048271888 -0.7907325689297325 -0.839179323269297 0.3102977004798333 0.2062370787213828 0.17252406066306927 -0.1761312127843156
-0.19732188406546913 -0.7454210922804159 0.7514238749295252 0.5356258108926768 -0.3001944354042831 0.1864733899987941 -0.4981875318627372 0.04258899099940015
-0.3138022699720531 -0.7241215337990307 0.7523610437069794 0.5679367158796389 -0.16208594726841247 0.10629519975900883 -0.6569043390637508 0.0909168832839803
-0.6686253722104019 0.49650371515132297 0.39693993737207417 0.3977733994606487 0.2923071353959379 -0.8283816342755932 -0.47620107130160605 -0.2555745358565815
0.6365682726445374 0.2061099037397482 0.15193000850332303 -0.22529052153314613 -0.3660135718316698 -0.5522697881730425 0.5834180233212346 -0.5845391453122337
-0.39919864299475344 0.47613474707718195 -0.5425307813422973 0.04150747954447727 -0.2583640190308217 -0.3410661838691844 -0.20657411513092483 -0.027097861491419885
0.0622277464296665 0.8572815728943995 0.8779262473467151 0.017385642274888664 -0.3338967670735762 -0.5297878312340993 -0.7610654124312536 -0.7545929360231745
-0.19135170522711792 0.19524746222203795 -0.5738144958331051 -0.7158610731690446 0.39255961906539244 0.34741034160814144 0.35973987817949743 0.03908443726772179
0.39064082270247324 0.0460230022923939 0.5689492979838943 0.15277845419273753 0.7818638623312771 0.8766872253052869 0.790203086101178 -0.2683377670790261
0.5488676072168316 -0.6043240953246174 -0.19584647526637333 0.699122850607419 0.8046650676138905 0.794676065618976 -0.5070358211116954 -0.34809815707251135
0.4502527242315507 0.11682748232790496 0.693089229190613 0.2681789690817793 0.7821050241354968 1.0508992017262206 0.9084104310483148 -0.3367013806429118
-0.401637595269006 0.8806121750380266 0.9332225252707733 0.4792524131281251 0.7748528353963173 -0.5086049725742804 -0.12744571452032677 0.05215070601162852
0.052452073667661005 0.4225986758533798 -0.5141541162081356 -0.6550047388880648 0.39015573124783076 0.34111906901975503 0.36761110363407046 0.1275221843174922
-0.322461918089689 -0.8722146916261636 0.7273048161630415 0.48550773564775335 -0.26821462842898547 0.12334438705783309 -0.6690906771173758 0.04814698067536178
0.48867784904311307 0.1249224663638658 0.015959546994129 -0.2917985188323544 -0.37470222341540743 -0.6821711493530486 0.4182916133731235 -0.6034718677264261
0.4647392987175203 -0.025125961927596897 -0.0868582404739068 -0.27339828721165815 -0.547654592363442 -0.7803102306315003 0.41537098192334254 -0.8666471296822265
-0.23099804949145963 0.9238034806312282 0.9844484596294487 0.554604455649535 0.8271633724310746 -0.3712170283576681 -0.14344698630715944 0.06423689491716303
-0.005277750725181181 -0.49230443968125287 0.5561955621205841 -0.7976881222178234 -0.7621446131664054 -0.7206934038301465 -0.6257261785092566 -0.34638732400678857
0.09486477779101954 0.4948363461049226 -0.40357320601738517 -0.5181464883622484 0.5562008376782688 0.4977407064540815 0.4790241415674892 0.2646655908014414
0.0980647092402583 -0.8909740247741814 -0.5010467257332951 0.2755628295202259 0.562150196916194 0.5749020978655555 -0.9652660649181621 -0.7782746090323425
-0.1497846905594941 -0.6780366709283513 0.8290423853893483 0.568467592786194 -0.24351644639414585 0.11636342580014143 -0.5890400033605788 0.038416172170464
0.21488240681499063 -0.17082439116470197 0.7306494822114368 -0.4814772690765622 -0.6024660511038107 -0.4714929697580801 -0.36210255958429294 -0.1590287151581855
-0.7393012375248742 0.2676338837058514 -0.9965053515670892 -0.24694564396625834 -0.410308019778785 -0.45012758585618934 -0.4961416821667622 -0.2521779798830668
0.5622321402750878 -0.5887166904950516 -0.16574792469200994 0.7416194290603345 0.9569876148036118 0.8792418150203282 -0.44985053763972666 -0.3296842026408346
-0.08557004545540556 0.3679475595457028 -0.5224982361321973 -0.5521436395078894 0.4256899527223293 0.4416490159985953 0.5126105289859854 0.2213138851395016
0.06818670779769079 0.5059244915913641 0.5284199765585441 0.4637077755282313 -0.8767413345566176 0.38783696708180765 0.10746175597953318 -0.3114632974950421
-0.19566359629799426 0.12156975664345705 -0.6242016593390364 -0.7013504323486046 0.4100939062379023 0.3902784346086055 0.4477327993156453 0.03707055230370808
-0.18976001836331463 -0.7601148665903545 0.6835409614904654 0.4821487856823004 -0.3533639055322483 0.09403053766214832 -0.5884666924237305 -0.013841296315255084
0.6407612970238126 0.019931471517237394 -0.48137762037263754 0.48237405966221936 -0.40687505683848624 0.2659641479292931 0.5693482092713835 0.8450099922645298
0.06640162854224206 -0.3049724626264406 0.7045762117574018 -0.6599220166347977 -0.6099256222627509 -0.5823999893409288 -0.5608428834963817 -0.36315069113068577
-0.6503211664839368 0.36318326242886123 -0.8562775265379359 -0.2629017110742764 -0.363088836392457 -0.3489708330582222 -0.4518335370576385 -0.18064750712991362
0.32430947159983226 0.7756592692185267 0.7080782131286936 0.6019095780104766 -0.7087307760442721 0.47377346442727675 0.29492804771675285 -0.18596277886436655
0.14431941175741964 -0.23727836427118398 0.410016297988898 0.09875167781109004 0.46674704851376914 0.5934358523163006 0.44105198977399973 -0.5650386215517884
0.7359815296853817 -0.0062151099958850375 -0.7615917735758116 -0.49442914851704295 0.3058454107760661 -0.2395985222980317 0.3787265716424378 -0.9890804723344715
0.16017642241900076 0.5812042833322528 0.6097187036913762 0.5109049836796826 -0.8422843625017086 0.40149018157209515 0.18090656567109123 -0.30273774392347585
0.7398140351965874 0.4975477848263705 0.05857658806632772 0.13791346487012351 -0.14198026148551923 -0.32847581723221736 0.8876414552340408 -0.3726820690375431
0.12068387817987965 0.4205221101179114 0.48934085853050413 0.3979558689328509 -0.944281393872348 0.3464572345955415 0.05340690029483715 -0.4072679076132551
0.8748723718302897 0.18120374482153445 -0.39986308131536497 -0.3033545443531177 0.5753965547399164 0.20061465661508443 0.6764866933890753 -0.6174586785356044
0.6669845556275044 -0.05956664255081724 -0.6015910777896933 -0.5115444068045623 0.40930374855977797 0.00013305344397768204 0.4394612867076658 -0.7827618741852411
-0.46236421799017446 0.6656755246363484 0.6619465205488395 0.4390813232868874 0.4789112660232227 -0.6273431895453925 -0.37835059853301445 -0.05041802303200328
0.5219998675519794 -0.6773800482960702 -0.17577609652177395 0.6597407907575781 0.8103111295780826 0.7998018915134488 -0.5616637199252403 -0.5127417686899676
0.1636151651735689 -0.3979435083099306 0.3572240498726641 0.06851347527018231 0.3547568118692107 0.5219504459706287 0.3426501034190846 -0.5583225456730134
0.12674151883978427 0.7397465267978829 0.7622147634502763 -0.009232798335316575 -0.45481080525461004 -0.6474358956362515 -0.7936973025793042 -0.8262685313871427
0.49678301565319255 -0.5295951458448362 -0.09064675675462115 0.7786246332099532 0.8868227433327596 0.8984253262282011 -0.4337693293765241 -0.3452353744417086
-0.10651539997440798 -0.5450545051108717 0.5655849693142128 -0.8889582065095342 -0.7444169672444875 -0.7575054899178011 -0.7432394502125019 -0.4161846244388693
0.5367322160368326 0.3261733935998098 -0.03367515499016638 -0.06202270868200499 -0.39851713639830183 -0.5805128232544471 0.6932514552885631 -0.5533624668794261
0.04002495673831437 -0.5123987042342668 0.10305916524428085 -0.18635690992199416 0.17125633802260393 0.4066813541711941 0.2047948100613839 -0.6330223459645159
0.5940054034525282 -0.5094020094192242 -0.0068603771957546815 0.7678633594067756 0.9444152907971222 0.9151954128051499 -0.322765293066242 -0.30278982615591066
0.7918022470611035 0.18830375954046777 -0.42321314147870726 -0.12463315069186354 0.7220688987630558 0.16611581832485478 0.6002320262218012 -0.7650952659267716
-0.09379012360210395 -0.39584491646607206 0.5313278791526808 -0.6979849210405664 -0.7757051317819628 -0.7152625366914451 -0.7551752433786236 -0.437925504337666
0.4596761043337265 0.2743701579865866 -0.11920166177866072 -0.17621530241824301 -0.48709570793231954 -0.6519297772166402 0.4954835207576398 -0.6445222915143429
-0.10261822253663588 1.0290182476983853 1.150172677434317 0.6224201981941585 0.820097503311076 -0.08187125005097336 0.009274124759005686 0.10170370780629008
0.21440933990729008 -0.16564310548498062 0.8491348749236758 -0.3277206268286691 -0.43409673207178445 -0.3053127077516571 -0.39586985500219957 -0.23764223857930145
0.10300175580588994 -0.303183115625227 0.656488771590848 -0.6369224126109598 -0.651605591443265 -0.6086994701513675 -0.38909416065954555 -0.3142282467225758
0.6505789112676881 -0.5381904781285105 0.02922073235439922 0.8674893662289357 1.064528168144511 1.0148172829634754 -0.31061302571938 -0.36814406407303246
0.6274595302192774 0.015139057005310114 -0.5940821856413826 0.5131927036686833 -0.3951691427983404 0.2352991777180449 0.44047911043634524 0.7169648322115051
-0.7419441068465675 0.04517785659993785 -1.1596584222798896 -0.47749249324743426 -0.44342914918164184 -0.47596452223747293 -0.5684323478663482 -0.25809002401916703
0.6539727798261787 0.023065898657891375 -0.49725028196933674 0.4940194331285135 -0.42126489381140053 0.2804853958888862 0.5661029142178531 0.8722310631897927
-0.5239084161640459 0.3465556868863968 -0.8727614607808802 -0.2268373633973757 -0.3605827961173871 -0.28968191192143233 -0.4240193898755754 -0.06016386465914936
0.19197356942948818 -0.10059319461934882 0.7167889047025857 -0.38078219929995477 -0.5822125538403664 -0.4240736342120753 -0.45092045953758336 -0.2621148889156735
0.17221495620876928 0.7338076390939894 0.7717596644520968 0.01780482026834575 -0.36906511875780523 -0.6679986032695343 -0.8238613955437835 -0.8517612587414529
0.5939049376469011 -0.009323894177615744 -0.5102550351128868 0.4507412521964409 -0.44406406037387264 0.3015555064078652 0.5381881857232101 0.8482175920337007
0.026114515436644087 0.2996041071856666 -0.4909046146386382 -0.6675778319891867 0.48555633615129523 0.4351741607115112 0.5081769935839878 0.1285143800620082
0.13321291751826086 -0.2817103596328023 0.4121270504465458 0.10397429419555124 0.5700615537608396 0.5824975089534896 0.46050996343195927 -0.5496342025243202
-0.27734822048102203 -0.8008127440032666 0.6908182435259438 0.5039955958734585 -0.2912094835094776 0.1278670039475243 -0.6979478418861059 0.009640099261403579
0.23807211466000858 -0.1720346150487264 0.6690933814650883 -0.37453724340707295 -0.6711695957764384 -0.5159585933741035 -0.47288715816789084 -0.34311273897086886
0.7276909451635203 0.26025289650357886 0.14955658508810693 -0.10081802234479732 -0.20888654389921316 -0.4653824487692018 0.7585178095678646 -0.4752352245280692
0.2752593779250763 -0.013316934470612551 0.7628447311639734 -0.31590746736306424 -0.5820140287464801 -0.40543143230725887 -0.45008653983228586 -0.23364653769849453
0.21619387067586282 -0.17005947648517683 0.5086805500776499 0.1537699072980325 0.46226843540723495 0.7412707991247 0.5455244441527287 -0.4848407897579452
0.37956022881130747 0.7179296020955676 0.5945786031080608 0.5315441436143975 -0.6474983598527038 0.47778686826376227 0.20962364066133315 -0.2090011475451179
-0.30577793672637177 -0.8382872716693603 0.8092529201474601 0.4881211737285394 -0.3355167734947125 0.06564208318497852 -0.6010479690786311 -0.07751054276056055
-0.041481374993884525 -0.40442148615530915 0.4993182571452319 -0.7106331934814389 -0.7889758655815204 -0.7112369767726208 -0.6990333182104915 -0.4278864989711466
-0.20214532649018851 0.8271828089685613 0.97641081283352 0.522744789409183 0.7548350301132649 -0.35997390112040273 -0.14044583458834684 0.11767454674172698
-0.6703504909856337 0.5008863091512267 -0.7984543217254205 -0.2604009361617199 -0.3671238935701569 -0.34676143665674486 -0.5606755142408523 -0.12145828425808636
0.37602807379787984 0.7023758487084826 0.6401296060041655 0.5653412920796981 -0.6126193996306015 0.5266561290262579 0.22242791312697743 -0.25863787621418305
-0.22462020739169547 -0.7572445303878471 0.7760744532672572 0.585904206783166 -0.1994129714825911 0.25836758961231965 -0.49611014195134695 0.09770131169735503
0.11414581936047503 -0.30259432331588104 0.357375145955086 -0.02703341882052714 0.3361157171888203 0.6059804738060708 0.42154785182657817 -0.5176045137818049
0.2818680090721382 0.007832651984420846 0.9739071350269135 -0.3538861334351009 -0.3602508759279715 -0.25460364353905973 -0.34581200482280716 -0.10904066912030204
0.03813147980627483 0.37096495366178195 -0.5488144694483859 -0.6394388237722418 0.42648507118353113 0.4667513710591669 0.42536276319619076 0.04207155551576315
0.6233686089160968 0.08184598875832041 0.06652816482508174 -0.1291916314491341 -0.3123845826284213 -0.5531243160950254 0.5423696091687802 -0.6799572998297463
-0.09815866010367687 0.7621487145399222 0.6284796794154223 -0.08554036242543264 -0.5485662517170676 -0.68212575280666 -0.8425721029148604 -0.8661311042598135
-0.42281306357608894 -0.9609820040798069 0.6285334896875426 0.4510195347505066 -0.39195173093262614 -0.027331613947427797 -0.8200469222994375 -0.23941479439745866
0.25803989561409363 -0.8277358914261509 -0.37581756760931145 0.41582474323569185 0.6802503717537465 0.6322525798399906 -0.773278894191554 -0.6496355781867045
-0.7523570900099115 0.3898906633757265 -0.9119163586031853 -0.39015875808113415 -0.3762679506576109 -0.539700680502219 -0.7857844307181538 -0.1509079111525576
-0.10420998800061339 -0.45639035608104034 0.5651824792465603 -0.8189919833430448 -0.7787408465786236 -0.8155037336471656 -0.8024921177829434 -0.5589742940985409
0.39706684833496375 -0.7289876639713884 -0.24959003436159377 0.5099493088195797 0.7329395178140614 0.7292755409755577 -0.7111357776099441 -0.6249196957923354
-0.0450662214498629 0.2706820125328909 -0.5294240247411248 -0.7854736903019066 0.39802655099447326 0.36707927980515587 0.3370412534603811 0.009773768519016589
-0.5048505122143991 0.5558494147150292 -0.5690441426673473 -0.04810252199539459 -0.3021408331573981 -0.37908315138289306 -0.392899516664204 -0.053940165158666536
0.6861136944967721 -0.5739098482260871 -0.05982681148639647 0.7465958381474147 0.820706181908186 0.8163407019474811 -0.4369503167993685 -0.3841121374176353
0.6121384987220583 0.1846306260797952 0.14099807435351053 -0.0060519421321241955 -0.2753240476273776 -0.5275297775031988 0.6877265356836433 -0.5913623129513158
0.2588110961614343 -0.007390573130856781 0.7929588550433464 -0.338623707470624 -0.6282373016545965 -0.48304281468152 -0.6284633514512482 -0.3004629493715726
-0.4071622596016291 0.5610312170989817 -0.6356291691060364 -0.17109783884319177 -0.26547759623190054 -0.29593600966726347 -0.46843361334420597 0.04538524768002446
-0.08732026462488487 0.21688668952426227 0.3772660412046793 0.35743532607632345 -1.1557347393109314 0.2844984904005772 -0.02614969790555995 -0.5107266873050696
0.16551209870248518 -0.09190814779140206 0.4877277387696797 0.17194017665107098 0.5661448185887801 0.5867132323230916 0.478993610612627 -0.42800160278285604
0.7894680092257378 0.030431405444617938 -0.542350182039878 -0.3901156766194773 0.4788877306420848 0.14198991985392567 0.5347896335790062 -0.6933202266779153
0.7519050489969776 -0.44934993863178324 0.017633530903164475 0.8774527635434328 0.9764124673040184 0.9632610745083641 -0.26803188113985776 -0.2064621106911654
-0.556979751607939 0.31474662270662984 -0.8546139851364496 -0.2635053162983435 -0.36241386566803 -0.4670787955105521 -0.565259048332478 -0.13716743130590436
0.6310609400706936 -0.5662838410970853 -0.10021842609981035 0.7113025309598484 0.9415161133149518 0.8446085858505694 -0.47350259448720744 -0.38036944995393296
0.2811991090847905 0.9910011913416259 1.011437090351353 0.24999527860199283 -0.28910473079318316 -0.5060814686489464 -0.6536057474343023 -0.6443238442880213
0.9019224661009663 0.21698712065815207 -0.38888626397721604 0.8687785501118728 -0.12457601908138896 0.39227715190995044 0.6795294214471951 0.9857616548592181
0.7455665525343736 0.07402836333908391 -0.4510421709092709 -0.36967412256991583 0.4326177070876705 0.039368396576390664 0.5245221940886327 -0.7090960433128519
-0.03942942682307704 0.25611689098156737 -0.5479446730392944 -0.7300710277062676 0.4192137786352782 0.45821828988738933 0.45592287515918417 0.010287233918181088
-0.480187618449038 0.36597718707588167 -0.8227108951617905 -0.19313927353284013 -0.2776524843708099 -0.28461077463305406 -0.39122413230231967 0.04580562258134492
0.49479832339741014 0.41943553504182823 0.00014072865194850182 -0.14670138161352048 -0.17058002954350276 -0.6504489693940583 0.5933811788283387 -0.3531398154478603
-0.06935831858500122 -0.607745821243626 0.8264480726357288 0.513590813953742 -0.3431355575517086 0.1857433553935354 -0.46170697494110763 0.12570044741612646
0.2977500258938211 -0.060559664287969314 0.5767433193485803 0.10393711888668022 0.46800671346115497 0.7092753113412968 0.6095168038157953 -0.40304207183994933
0.8954452499922689 0.09346763804288911 -0.49764527730863806 0.6417597956496328 -0.2955202408260746 0.2388030379549136 0.590126132507421 0.8717861730372158
-0.30014477562433794 0.7575210445642938 0.8826838509446252 0.4796868432082223 0.6572068730252302 -0.36039061455993626 -0.16801560062136647 -0.0546574624334997
0.322721282212404 0.8345936632016964 0.8177240472858106 0.7593579371311374 -0.5128473679014642 0.6791900412859416 0.39894288768521574 -0.16022922816282723
-0.4810760440994005 -0.9312995160667175 0.5909250305462244 0.4395493612260366 -0.34188023330151907 -0.04622799441023824 -0.908471271949788 -0.13371497598801932
0.7219288361646613 0.03357792184023681 -0.5528778695520957 -0.3804363884288253 0.47181993514145215 0.06237555330476475 0.5493076472853597 -0.7211501875949828
-0.5104952309042632 0.2267194910466923 -0.8580988879404191 -0.28999474515614404 -0.2821553577939496 -0.4800384989793123 -0.5111989040417603 -0.05329555198123469
0.01804138717760913 -0.35650919820099536 0.15773513991259935 -0.15444033206233368 0.20878426675686945 0.363502780578258 0.23948993830790444 -0.679197661333486
-0.008913441407323062 0.35192662057309965 -0.6024760952598355 -0.5973740945784266 0.3942747293827285 0.3750035073159226 0.4251309703109181 0.11143569580264492
-0.11030744041966334 0.09323941908615314 -0.6977204665464982 -0.9456944588675064 0.27059441594613937 0.16726113661783107 0.23284563709662276 -0.16616038388016532
-0.016744423115178247 0.29052099711052637 -0.49798892581133686 -0.708233807903969 0.4482936523752319 0.33871862822955134 0.4365467687260951 0.15780485390146354
-0.3819362735274182 0.43274181217156693 -0.6464482016202067 -0.04563770554508202 -0.2621459098988435 -0.3689883635396583 -0.277479993641669 -0.05268112397225442
0.42930353942566435 0.9197141330638108 0.8004097806086581 0.8680433367363435 -0.3769086076774246 0.6962890509327313 0.4892775160613456 -0.1365739447271485
-0.4437138712435201 -0.9456162604450219 0.6847517322714511 0.5151776200261604 -0.2913951437489269 0.12217375149427452 -0.7278458500595535 -0.014979638252021582
-0.053428985913578565 -0.39977056603227035 0.4762193090151713 -0.693690233823909 -0.835438553203196 -0.7163927155465567 -0.64324610245427 -0.28469967013056063
0.20502194458191714 0.9102256005109375 0.692524852700269 0.23027230320814818 -0.35835570188279164 -0.6320798766508234 -0.8219463283359771 -0.6618395709242011
0.3102360250785268 0.5921081788121663 0.5460503295381482 0.28213641115823596 -0.8805129302603876 0.3332869053143071 0.026231306917816277 -0.257537568618704
-0.5606640463913197 0.17226126327416913 -1.0630097297935546 -0.49082509919966744 -0.3571169023391829 -0.5193401236640189 -0.7612397062449882 -0.08764309633239631
-0.5619820685447285 0.23216702618695023 -0.9152902585130562 -0.23754764278584461 -0.3203215160443787 -0.41833048943746354 -0.4468356325809302 -0.09210061349569451
0.64076145806851 0.020133576073913584 -0.37079350277239376 0.5560241181368379 -0.345520176779731 0.49511353619451093 0.6356178763320943 0.9786490974497469
0.04157329308483236 0.3542793480918379 -0.47978036979744276 -0.7319061873839574 0.39433326691087334 0.4588174816248898 0.48911032738831317 0.05167221346543122
0.8626912689775592 0.13948625628136363 -0.36983312893909526 0.7539004924187012 -0.2950068650822343 0.4696483362974762 0.6848788050592736 0.8870153509747071
-0.07418068165890457 0.2729881074685924 -0.5219264537205041 -0.7587461713471764 0.3831697951793623 0.4732053039141676 0.42384006813105846 -0.032651266896817854
0.1258523490225888 -0.23263345054222295 0.6698870743406287 -0.4659464747008933 -0.6125504900323326 -0.47477350613314284 -0.5502297105963452 -0.32012179310718714
0.012484568111935082 0.44077628730805685 -0.48922747284604373 -0.6101057312446061 0.40829896630822354 0.3511755960487633 0.3791734100508562 0.18730117172662267
0.4823746709096782 0.2578837079711233 1.149340432665248 -0.14012164189041237 -0.24194059121217704 -0.0446379549739649 -0.248074548286145 0.1351233217216104
0.01389209256023836 -0.3181319376291781 0.6109884980022193 -0.6501294699160196 -0.6874496786034723 -0.5955219459210951 -0.7230761170631277 -0.3620357668625789
0.34096898198663017 -0.0027008522021881123 0.986240386882199 -0.2434300790280961 -0.3539299016502615 -0.16742200140043112 -0.31986787261640576 0.018394104313313786
0.6947558073914761 -0.02766233084084635 -0.5675746513310329 0.45451818185879295 -0.40173976505319253 0.17351355670728366 0.4537753796614421 0.6916660754446019
-0.5686509211651162 0.13834830588381444 -0.8794643192139833 -0.2746249924718706 -0.3432329614488115 -0.5568072388530317 -0.638497819318512 -0.1031355358504691
0.7745145506122967 -0.1411484334012308 -0.5667737960104087 -0.39409236768436484 0.33832775784765445 -0.0844783737993092 0.426040011711272 -0.8472512032242171
-0.38281690040933386 0.7609284410401709 0.8629545810064921 0.4182656103779018 0.6763050393548087 -0.4962481034833721 -0.1561402391329729 -0.061546222995980934
0.6451993368649003 0.31031416435534365 0.1663666114199174 -0.18609600820710304 -0.3850658872150959 -0.49270894519539593 0.5582171268542888 -0.5840408955350167
-0.5726101817991234 0.2940744772279572 -0.8285566460377127 -0.2117644046402865 -0.36773652760636244 -0.37887298020937654 -0.3925342794023209 -0.1843699834509982
0.01867167390119236 0.28878733597255923 -0.6775781056771982 -0.7582071107462416 0.3178692868071921 0.29186088436899593 0.3375922369524016 -0.010339691957760262
0.7687112425264538 -0.01741525120050763 -0.40995360748334325 0.5488391292446355 -0.3386064284461628 0.3998921143231646 0.6144427314870824 0.8907740315011946
0.12009567920605808 0.3696797425806061 -0.42741041390921 -0.7081799612863195 0.4655664908666459 0.4120378019216194 0.5437718580127715 0.1710994873590577
-0.14573703085373277 0.1703271988378492 -0.678433301646638 -0.8722567849923678 0.21676684776724348 0.2308432527113326 0.3329371647062226 -0.07265380829827917
0.4250656521524091 0.8306055054620909 0.7554683849013714 0.5762075998184021 -0.6537618611926164 0.5272932564073916 0.2769587937245054 -0.18445201499339406
-0.09509044694438813 0.4187450037646063 -0.39116517558170905 -0.4950945052285832 0.5341947393904538 0.5006413087636559 0.5166678417090029 0.3482706534662432
-0.3774579063191894 0.838358084493537 0.947136637055659 0.5406434134711542 0.6743019641331343 -0.3755974477450713 -0.12863693900867038 -0.028373463430280105
-0.20088140993886716 1.0088186907822554 1.140879550519248 0.6321184385270213 0.8316949898382143 -0.11406635499440779 0.04180798105930035 0.055473339650375666
0.7061644631225829 0.14323340631418024 -0.45894946527584024 -0.4197616686442699 0.45566330195137206 0.06240081311976588 0.5325728321019704 -0.6808935743242183
0.11767448214227197 -0.27729011761599354 0.730731113556562 -0.47943386484820333 -0.5496128049450963 -0.43736086594344226 -0.488975213891123 -0.2652172487542608
0.7784675355399977 0.5160628238278204 0.27935326880310446 0.011284895407417098 -0.08891597301581529 -0.3138970862922933 0.8358579990260839 -0.2765559931862155
0.4333594188441956 0.8187731271874219 0.6730860208028664 0.7102604633173784 -0.4576332430394149 0.5816992654940745 0.3638019059725548 -0.1678013780474641
0.07944560306143175 0.3377903733350307 -0.5023956136207255 -0.6799209900703926 0.5356794010212964 0.4308668974646091 0.3582950076368346 0.058632846368954966
0.5771157401370198 -0.6276041294219431 -0.10730380861546501 0.6733070759215236 0.847838379002319 0.8234698081668039 -0.5207444702348827 -0.48278997012325525
-0.08526506540610357 -0.45257499204186935 0.45484124321206487 -0.6762046631758413 -0.8367549991853365 -0.762040127447179 -0.7347702017694606 -0.5102598958783657
0.16552581536061364 0.8562179553467768 0.9269554171793631 0.09554253931285468 -0.4008443548291386 -0.5679200496725963 -0.7050798500684183 -0.7505242382408076
0.7230090870739119 -0.017843014058679642 -0.5180415475321423 -0.406704793484024 0.4245851994473312 -0.012348868901600214 0.47405757982702346 -0.7829664431494676
-0.5522878774923373 -0.9494965740050263 0.46262504073419786 0.4393357465322669 -0.4160006843165432 -0.06124156054410858 -0.9317385473387043 -0.25096863740026415
-0.49115024075168484 0.39446622866494524 -0.7865432628670188 -0.16839319565565086 -0.30168717646305865 -0.27063021290254474 -0.35903734108675517 -0.009172857893803732
-0.43872296428567803 0.824375251191187 0.7750324600223917 0.5294630284627542 0.6071101219761251 -0.6040116319955371 -0.335950109353063 0.0099305638231251
0.13359799823184126 0.8686622559048494 0.8416937746841865 0.11100541449758594 -0.31222367088209907 -0.6262234207160786 -0.7896802282863562 -0.8039140889884067
0.48922283051035015 -0.014889852592405179 -0.7301207041159576 -0.6927477379171482 0.2678157018875928 -0.2143242218279906 0.2662326589201729 -0.8766708166669923
0.9708915249664637 0.17932544965785924 -0.40199193284582757 0.8448870940513251 -0.17558887490684444 0.4015164496759489 0.6854003882229699 0.995437502336413
0.19834320709192413 -0.09543147689131795 0.7091040519439089 -0.4267353703311403 -0.6406444687847495 -0.4585324068236416 -0.47572260005086986 -0.11854477968421098
-0.07781770599607987 0.26162525071231846 -0.677496006955805 -0.8304455040281398 0.24409576621822698 0.20830885566530039 0.22348564964820208 -0.0777514338716498
0.9587911451060842 0.232742302620801 -0.32212937104611006 -0.09931807499393015 0.7296774910197081 0.44185787340322 0.761452122740829 -0.5203623159845482
0.8026080437563002 0.0012068966351141915 -0.4114150557169062 0.5028808169450193 -0.3189437686206273 0.2873827177033454 0.5820568764919759 0.7350820024736073
-0.10373522107848118 0.11971752428340532 -0.6584149662181229 -0.9371964078030899 0.2647277460641589 0.2527257873188284 0.36306217367547605 -0.10554685842129374
0.8194209501744828 -0.08430667180725465 -0.43951903472706616 0.45207865315270834 -0.3896145064121531 0.3172256724842982 0.6000546226160643 0.9048605864605858
-0.648682036966076 0.4191230063677096 0.43350037825037646 0.2426490525617946 0.34859727987785816 -0.8824130564895925 -0.49095431993104716 -0.23940161506932325
-0.30953228257581145 0.7101703465443922 0.8756229467885712 0.39317351181469806 0.7687509783737663 -0.5334599464947951 -0.26048935629867737 -0.026316143492365014
0.1631840130212543 0.9587966657602208 1.052045489552896 0.14933686312196126 -0.1998644357783092 -0.4597876040285965 -0.7353673857207164 -0.6996488652088213
-0.23923951580020386 0.585258422863686 -0.366945531083512 0.12590865680039443 -0.20933913767546236 -0.25728696507838017 -0.20602204200554466 0.184284123772876
-0.09220639920100526 -0.5774948464182044 0.9187911997469067 0.6305581911132463 -0.1653730096700496 0.2916277939511464 -0.4277534587461747 0.21799748134116984
0.25342110394564454 -0.18176708564903282 0.395852841912651 0.08081492201730775 0.6193073742221884 0.7830223460035513 0.6033632689507709 -0.37316714340245627
-0.07714940352460771 0.13367742312323322 -0.7709901455131312 -0.9167902474121529 0.24225831470984877 0.2392682077466716 0.21820688579413586 -0.22046427418376416
-0.19637195924777145 -0.7100608944701927 0.8507404637446163 0.5566168499788565 -0.13787539801650958 0.13504211037188746 -0.6675591824579299 0.16371874999482008
0.2240479188004171 -0.10486805359165909 0.5111366928046549 0.11517399662862521 0.5112954818679692 0.7408346020482033 0.6288368276154332 -0.481529445064693
-0.0384797051481008 0.2406470470615193 -0.5252483508739678 -0.6054838623935208 0.5734520918766449 0.4845722444376386 0.47620189651470285 0.12338785218346493
0.4239830218605266 0.7810026019405917 0.6990459886723734 0.5433336559267452 -0.5881297950029927 0.5808423129689022 0.25129475580948135 -0.14034496961248838
0.42789977146294045 -0.5796345754845729 -0.13063715399929848 0.7076749871365569 0.8821195469302534 0.919092391684565 -0.47102254115909786 -0.4113918558466869
0.031998843835573124 0.4254334660539474 0.3839900811917768 0.4688682464385368 -1.0846715903165736 0.3235222969139152 0.04732836903582267 -0.36858249531822046
-0.11619153818972261 0.16723750103862314 -0.6142603217251906 -0.6891056108279656 0.440350381386998 0.3793347545082726 0.4263910332476484 0.020685740333219335
0.03359684939366668 0.40141848873663416 -0.5187054157516562 -0.6500233918126486 0.407306264251417 0.43825696154642346 0.4179723560575923 0.08860708609643105
0.8415656562266568 -0.4445157612290831 0.09075802180424197 0.992931442871422 1.0662227496389676 1.0186007288040093 -0.26126343349546594 -0.2696683862773547
0.6236014065439024 0.3013036662634447 -0.028566265966081895 -0.20790891230710518 -0.32236068969308335 -0.44974485165978423 0.4756036932988253 -0.5063432641535504
0.1297844937117163 -0.22696144344717684 0.35591204010089933 0.1085694368763361 0.4972187847513015 0.5494757330340441 0.5106953559603509 -0.6563974003806594
-0.22042229513109368 -0.6998413237349792 0.7720721214490794 0.502849817113783 -0.2133076939557938 0.0797844094449613 -0.6854290973381032 0.12440919140399771
0.7315388453775903 -0.02652036952884392 -0.4734899300467642 -0.3682807883128272 0.4454750442504182 0.04891773473352477 0.5323978651498869 -0.7195168485578983
0.4887646508015241 0.9346650322452189 0.8367864311985307 0.697971107085088 -0.3669381121294166 0.6354320454429128 0.3909196331722001 -0.12760705982990367
-0.06010503826677116 0.6551162280223539 0.5878033836167442 -0.1390572714533404 -0.5835249363151562 -0.7820203232735162 -0.8407697310075302 -0.9588657364348843
0.7305199063386963 1.2380092635679585 0.8726798365945003 0.8954920166473653 -0.21077029607622225 0.7986856278520668 0.5729898250544542 0.12360109975789957
0.7708455003825296 1.2045310051411389 0.9747046963280473 0.7790446388314917 -0.16004164926723702 0.8305955613953491 0.5244063286313138 0.10334703304484057
0.8886229444206457 0.067622003030809 -0.4430926379083524 -0.4329975375652346 0.3902888646157375 0.17753040033252626 0.6955726112079039 -0.5461106100396675
0.4679426559606086 0.9933908707319223 1.2171528031891734 0.30978618311125183 -0.07661985017766877 -0.41349300227612584 -0.6480361296499488 -0.6096926856079676
-0.16384347380067832 0.08034997269001194 -0.6717274246531668 -0.8584529036338946 0.28877736984000923 0.30735210680344915 0.44252432880532877 -0.09064295144782733
0.4153544269601632 -0.7208520876716287 -0.1925958795901214 0.6262166944949485 0.8699948004512859 0.8232057267084434 -0.5809058329329253 -0.5679557103852517
-0.4049077215400874 0.5192479209046814 0.6802036747416889 0.30483383850622425 0.5409240063220746 -0.6085695950215609 -0.3618790776425712 -0.07285053150749105
0.15506691757999536 0.5033110682288405 0.5967915873483952 0.6127027509467544 -0.8439066348878372 0.403359494429426 0.24025331842656344 -0.43646206688496997
0.7559885234995513 0.15267051928077596 -0.4326664738802962 0.7314576160113472 -0.2584801762926068 0.37036508163320947 0.6622907060522578 1.055006834696261
0.3461401263182203 0.6330358729765142 0.6903394402742022 0.6273169817174906 -0.5941122704468071 0.5799780301845326 0.28347502505354427 -0.32870774532517594
0.4719218270553598 -0.004841057647389735 0.6978413732326191 0.3515118394404553 0.5819413472271242 0.8347333677654946 0.7557291656341563 -0.42925646186345295
0.42896212882429063 0.045453810892617866 0.5497324501253529 0.15645750769037015 0.49657413405775286 0.8763048879743158 0.7859783690106458 -0.45842370126149945
0.7389253568410024 0.18222254079549585 -0.4805048748686749 -0.4488968354220589 0.4375299642743518 0.07178052711402894 0.5022177077730243 -0.686511594307675
0.3465195815122263 0.0019643157830836104 0.5838022486338974 0.2561591411134347 0.7060541856407501 0.815549600506929 0.6955268033249169 -0.344313664602352
0.7370048703164551 -0.07590484458468573 -0.530708453299964 0.4285885844514364 -0.40703621237451615 0.23651563130181433 0.49944730427871026 0.7890581917927465
-0.16659949584457817 1.0777419693628763 1.0845165313598066 0.7429089862770717 0.7521838190783068 -0.1413979919449794 -0.009968465514043696 0.17198476068663526
-0.018052814835807597 0.45585313979942577 -0.4507058191871481 -0.556388215180245 0.48527783058781504 0.39810179207648894 0.3552120751334789 0.24670831681098906
0.6213400893736123 0.04393332338664831 -0.5462933999120462 0.5095279035163918 -0.39713642239459557 0.2503697285932444 0.5408722207161841 0.9044222316398793
0.19153486089193839 -0.28616803472595626 0.3467989473907078 0.02124796087504536 0.4011158202373993 0.6382920174205319 0.4979738244485846 -0.5437461151419474
0.7642805152175718 -0.027093478587379434 -0.5283519095083733 0.46026811426240677 -0.34446447478547904 0.1889466806200512 0.4798409060016481 0.6860348656062764
-0.3599768233666629 0.7472377769069671 0.8674037859571975 0.4174901470895078 0.6542135531865567 -0.4545573391681922 -0.2532698714868571 -0.13214636628789114
-0.6283837334428988 0.3528169394250177 -0.8510775525066352 -0.31575740073540126 -0.3743277408053989 -0.47141316678366063 -0.5701857029600659 -0.16701586566483417
-0.4382886656629438 0.7185425124464914 0.8141295543281563 0.4119117168410161 0.5603525877856455 -0.47353221124545686 -0.26123450429769035 -0.09535915342923218
-0.07620383309928949 0.1485284304446361 -0.5738565778129489 -0.8003932438518062 0.4059322878413828 0.4571333969809923 0.502721084554423 -0.04695313733328183
0.7796818072295544 0.12570539211314713 -0.3932048239944358 -0.2850152067252848 0.5509100940297129 0.19182516460840682 0.5503496939123959 -0.6604843614977947
-0.39550009200841507 -0.8128479749837126 0.6702124954206767 0.534064650473657 -0.3116418156103924 0.12092076332301838 -0.6341776747658183 -0.012997566926577598
0.3965058821653714 0.10795172957866975 0.7190292211853548 0.2533888953474777 0.6570881839577479 0.9791482525984417 0.8605183338963408 -0.3594413697012745
-0.06395123890436512 0.3876165114544339 -0.637300926208043 -0.5157428135270077 0.44886250876747447 0.29676457386746335 0.200144324685687 0.11136789989071479
-0.10192558873914921 0.17351198558160266 -0.6015594165257956 -0.7720651125415905 0.42489208739900575 0.29769192057608973 0.33506132287669194 0.015709693681129656
-0.08914308436734888 -0.3922436226945199 0.20123375034698865 -0.04211643481550814 0.42054914495112516 0.20888627510290117 0.16447987657658986 -0.620987007858137
0.19670793128763533 0.5964783937199922 0.6044766371296205 0.48949104931920895 -0.8326020959650622 0.3851157177100711 0.17818487768334046 -0.2792806729910228
-0.01377901589741461 0.30751131419228267 -0.5559741238227844 -0.6877669632160776 0.4552483597409516 0.4056628750600904 0.31934755308276247 0.019222157008073254
0.8133135354536832 0.028710876536749204 -0.4762738022691635 -0.3142400141130588 0.441386215622504 0.13731622285453232 0.6039723985155998 -0.6417617484825444
-0.5610625144401993 0.5108751143601487 0.6688193670524294 0.269403385239275 0.5769105365296046 -0.7895386200152031 -0.48693281032963265 -0.351446826220782
0.14024484372688875 -0.2299771706236901 0.6938612146973178 -0.46148533166854666 -0.6346709348662474 -0.5261982758688126 -0.4930551944993766 -0.31614004541378876
-0.0015173868361982867 -0.4067489917336254 0.6810204805535391 -0.7263403437313409 -0.6150755171190405 -0.6225590926692863 -0.6207891423533822 -0.43584667676969924
0.3641202767373124 0.18514210448861382 -0.08089701543358371 -0.3056024197367754 -0.5546353538701265 -0.7283450346886623 0.28766138910502465 -0.6960672035049054
0.5945641949676367 0.09559195550173186 -0.5584919996229013 -0.5253766292656241 0.3194170411633243 -0.11765866358558763 0.34284266264435087 -0.8031440837605854
-0.5497333522296726 -1.0277368209653042 0.590896921985909 0.43124381361644654 -0.39220170862185866 0.09770603498190333 -0.8574850122519033 -0.1047315352899291
0.22554941028394118 -0.06549414157656043 0.507044950237461 0.13109861899447506 0.3663706165222066 0.629738209655753 0.5999186623901591 -0.575132084567418
0.5345557897116535 1.0849066295002872 0.9186876622565192 0.7629274368020367 -0.2565229660764944 0.6944373248305213 0.49886504746911786 0.049436504934357986
0.22042347327215622 0.6160719138844108 0.5955631814145059 0.475024724218181 -0.7829156710667965 0.41558486176226694 0.16641547103497348 -0.24204161523856305
0.6651377009587924 0.4075981069629676 0.2559677077306226 -0.08620385455754409 0.029362035513775808 -0.5467791857269875 0.8040685920569302 -0.22071996448123304
0.5457389811322221 -0.6735124983488758 -0.16606007212703278 0.5665267043649393 0.6898557011192317 0.7253257743687327 -0.6891487353281596 -0.614550424175452
-0.8027849557026073 0.32191560584589407 -0.8577551261730307 -0.3670754849969279 -0.4159426008988046 -0.5834516017888626 -0.6188112936000951 -0.3815989190088587
0.24474472394001426 -0.06538884449392753 0.46678831056808645 -0.012503006552377127 0.34339751350914655 0.5934566472775455 0.5026763424191434 -0.5372647856727923
0.06214135535992445 -0.18653524388514614 0.3722676503800174 -0.03824932266573873 0.378162973832418 0.6062670016170005 0.4997872790849012 -0.5875508939936398
0.6630616616784167 0.4109740216713521 -0.031060310429055178 -0.17933240976314985 -0.26217266280239027 -0.5214207143882685 0.6336959610754462 -0.46555110222166035
0.054958036280667075 -0.329596090220856 0.717029334390154 -0.709711220753596 -0.6580677708978503 -0.672106774486462 -0.6750089217390105 -0.4385443300165903
0.05199229699176046 0.36355410670730565 -0.553102340212048 -0.7005355509206586 0.3568959497341674 0.44273984980416065 0.4692190633781621 0.020008586083200552
0.20642293251318283 0.9435094598146133 0.8346378612648346 0.22169815172984464 -0.30240718084550605 -0.5954386397816624 -0.770749868890549 -0.701541816859622
0.09214840530208153 0.8221003607679023 0.7989245103810881 0.12557714983273444 -0.4498173302225129 -0.6699898880748162 -0.7840577431046518 -0.7838518667537608
-0.27179875667803527 -0.029052542046631952 -0.8089369726769466 -0.938412438488634 0.20208082828061308 0.15374036883246692 0.226261813453077 -0.24132143457416055
0.5736191080476523 -0.6011287138030031 -0.16341319524379017 0.6596306754812982 0.8727097086267535 0.8098768643553946 -0.5161851506541871 -0.389695446622995
0.25880744999527455 0.5185742178456211 0.4525581524593588 0.5192560943925418 -0.8689308897837749 0.3189126680599711 0.15657642975691977 -0.4086599443444394
0.27186291788980305 -0.009113810610856605 0.5017432570375295 0.008517958631362399 0.33466508980157045 0.7114843930592827 0.6169466820250831 -0.5102655020669077
0.6427431614035752 -0.020377595312407182 -0.4409482149925144 -0.4184473176906065 0.3605474707807031 -0.04162644785207579 0.43587762306098543 -0.7524450717355764
0.5954874812650891 -0.08786241244014005 -0.6952535359593349 0.4094313492150126 -0.4988775795594889 0.11800617473588362 0.35816693308229386 0.7444634004035257
-0.017982740053571308 0.30970688138394364 -0.5596789998477767 -0.6907698449336822 0.43003967877011046 0.3960803403107121 0.3497577613487331 0.045287109298549934
0.1421671108177052 0.7873500046586173 0.7760815075289202 0.053787015914324665 -0.3870081776683384 -0.6612959037986395 -0.7947172935568685 -0.8213304014263434
0.14894792048796268 -0.14205152606437046 0.3761591521406878 0.04283403021992889 0.4735441632989957 0.6267885615398319 0.4889219903699938 -0.6015613078044171
0.36167135715353504 0.07297997498603584 0.581535851686205 0.1808430882657083 0.6660669874195371 0.7856787497240695 0.7290329635381331 -0.3936193388852596
0.5769222822258884 -0.5255417861406101 -0.012121033515623639 0.7879704943972535 0.9381590521048443 0.9240306999921938 -0.34453033236261166 -0.3357552759852722
-0.01396962024608012 0.19762468403556457 -0.6546319434172269 -0.7922177014822012 0.38591752273146707 0.3757601348409718 0.3413048720822125 -0.11978183301321084
-0.5974716959702389 0.28744791222503 -0.9726698526256868 -0.2439102755454181 -0.36319503674287834 -0.27104656112581466 -0.43177119936251424 -0.05541286546307718
0.24559492827666096 0.7191561871889642 0.6754757662023982 0.5001267682071315 -0.749252142128111 0.30804340022003446 0.21522172361442218 -0.27730733567805377
0.17858420681425757 -0.16657550274125066 0.819952008988948 -0.510368295814678 -0.4888980725430823 -0.4318768396462483 -0.4292420965691037 -0.28456206308266185
0.3143446226454774 0.683869321489151 0.6183536569087029 0.5051822830528412 -0.7232473133032049 0.39871384152272543 0.235039423151327 -0.2029236342816575
0.3328634108095557 0.006835699487875435 0.8398692420168641 -0.34038546077557685 -0.49989182985690717 -0.34218553740252755 -0.39652018159007346 -0.18336350871404666
0.3796834574825694 0.014446450113225096 0.5579446780915118 0.09646049912593387 0.493702310973552 0.770196249606683 0.7850095347174012 -0.43574750465490625
-0.3013347021361352 -0.8041173195597039 0.7145937516541494 0.559279361089442 -0.25787325811106154 0.06650550830601797 -0.6702744330001391 -0.09866621273003204
-0.4883998487350881 0.7992966378453918 0.7454369160731639 0.5922981105592606 0.5168985315381703 -0.5317485766231341 -0.21872509959272213 0.001035545742157214
0.5585369068146949 0.2232407645597363 0.0030935231540898667 -0.1748895127525023 -0.41261000323549346 -0.5838510549821083 0.566516171910461 -0.6084123499879333
0.11194521614037503 0.681887030108694 0.6209950502114392 0.6176109485569379 -0.7864008570121241 0.4764326710955582 0.25613817601173017 -0.17573379384956325
0.2553980158810419 -0.3018719041154526 0.3638447189655286 0.06080374132083006 0.4051358889929172 0.598316486746954 0.47278761568525846 -0.5531200349880747
0.19638183968290074 0.6167582050202052 0.562851264974904 0.6354385740511759 -0.7793065286480002 0.4883692519487811 0.2620754131141888 -0.25155910367191164
-0.7136411808406575 0.2673076105158897 -0.9089286044858006 -0.353481549153684 -0.3389055192630953 -0.5305681921928525 -0.6795072029893905 -0.13277612562820945
0.2674728233862179 -0.09973545601609615 0.5174898668222689 0.08086168548290497 0.39418766767831204 0.7537148411884914 0.5919814229238816 -0.5605172400234515
0.09757080774881391 0.42869787551184696 -0.4882120316174677 -0.6504073675250603 0.4531853511862295 0.393101393077352 0.40727452505601336 0.13221581241983538
0.29428546686144286 0.9479490903573564 1.0956156626481413 0.22303595735277937 -0.2728109138719811 -0.43798901615610353 -0.6723015370965582 -0.6195096543802112
0.31446431626090154 -0.011211467867059694 0.6139462099392174 0.16235511070595904 0.5396161083780926 0.7357366162420137 0.6040588994169522 -0.39206983868310125
0.7989735045111812 0.07163589280427506 -0.3861795727621168 -0.3206249207030778 0.5140381750815244 0.19093875193626314 0.5932286934401513 -0.6228991641380892
-0.3871327654243138 -0.8508418339934313 0.8045569512089195 0.5469051924510504 -0.19950247661941 0.07993052997823466 -0.7061522986166923 -0.024791098245407428
-0.7050479325934673 0.44198460915613974 -0.8294005112573309 -0.30396300727800646 -0.3637460403585034 -0.445169949319127 -0.537034415056892 -0.22657046098607006
-0.8473181044856763 0.20520573336284575 -1.0074154296048858 -0.35852322623337873 -0.44468589833718264 -0.4748727037833534 -0.5049519108062864 -0.3359646065707305
0.8657758258943995 0.12868975976457933 -0.353104964080629 -0.25490178737435726 0.5016295624074302 0.22609390468367366 0.6242256614743679 -0.5864747357001683
0.3392946945947426 -0.7913011568986908 -0.27761953618017543 0.5337027110565341 0.9563326649685436 0.9089245301267891 -0.6680495791046059 -0.659885632718773
0.2336070598666561 0.5477411712874781 0.6083599956205626 0.6195102930505036 -0.7791471195989523 0.5092497824964968 0.2391563893552614 -0.39276206688016546
0.17295398109331772 0.5345214127961002 0.6558086898939641 0.5054389927676202 -0.7683045571306822 0.47532958784495577 0.1627644295080085 -0.3609416857392618
-0.4938899812840898 0.6824858622206819 0.7341251630235677 0.4025564219388952 0.49079216113834057 -0.49255087835136413 -0.29785005491222605 -0.12186006650004186
0.5006579606395677 -0.010276794352797639 -0.09636790189414403 -0.1657652005764499 -0.4773086866469319 -0.6320560929997423 0.4149593824949947 -0.8043321183171062
0.5105302657232365 0.230419158426525 0.018700261080039193 -0.09412773169052213 -0.25581267258603957 -0.6352755680270264 0.5847844580479246 -0.5286542199116846
-0.3707714021080706 -0.7998834964213698 0.6164912635038269 0.5366602025160967 -0.1584102254452821 0.07683276755623286 -0.8583959515234364 0.0376323402695648
-0.563540328793629 -1.1393380049643003 0.6460619500679485 0.4117058464725162 -0.33830755415648794 -0.022778557836118075 -0.940444175433431 -0.23482934097279742
0.7833967143310345 0.22255416942479417 -0.28632503822635924 -0.20993645994277613 0.7097621042494069 0.18921074897016435 0.615896330874393 -0.7036430274874995
-0.5062851327191282 0.8089470774508087 0.8095229418246209 0.47343940012051633 0.4754572244229121 -0.3781346372812016 -0.2056946496667346 -0.14305953107697167
-0.2903798372550658 -0.6725668354485733 0.5819440967976797 0.5011482043597293 -0.3610362856894634 0.07706708349389899 -0.6744069488116984 0.002050409904656658
-0.513638532191925 0.48090524096832354 -0.7520917592383728 -0.09356153768703532 -0.3327762173349733 -0.2267094445671998 -0.3304303174075827 -0.04329063605495385
-0.5599590105179997 -1.0676237301361113 0.4660739684666298 0.39530823279192595 -0.4054018074175592 -0.058893924550369695 -0.9474236688103993 -0.23924906885339936
0.9207659240440403 0.08706286374605943 -0.37305433084247175 0.673270860203973 -0.18200533644858813 0.34511138148808296 0.7087678251125265 1.1125533912509955
0.5667322258266481 -0.5316827889849425 -0.014458799375413018 0.7851258642938356 0.8925072948335387 0.8796505349870383 -0.36165916839988893 -0.340524732408663
-0.3715852132947655 0.8963151349887536 0.8460276748082026 0.6885821999223647 0.539487509110214 -0.29741189893005715 -0.1271978404573312 0.011518661796482754
-0.54539347169472 0.5212796716033178 -0.7938127840269568 -0.19627539886778725 -0.391807297856093 -0.1834685949226843 -0.40025906441175374 -0.10116556056655047
0.42047666377064397 0.8037425713423249 0.7057404987171633 0.5497569229437699 -0.58912640382228 0.5415384742896578 0.3006808348274368 -0.09176594607273336
0.23722066418810508 -0.12817352733395454 0.47041647495513456 0.1572881905334423 0.7279114529012161 0.7419146413493984 0.668403890694883 -0.4619999213950286
0.1413377178548442 -0.18240383039839586 0.41895514297943104 0.16859085733510065 0.670114806759899 0.687217272722212 0.4653561453820084 -0.5191597650402497
-0.4636631221949724 0.6107253294693507 0.6731723840648343 0.3777261035922533 0.5013827622930412 -0.5918381745468831 -0.3308618984066257 -0.11942676432966487
0.7058631546138767 0.2096720699035579 -0.34217890122457895 0.754406750965364 -0.24174399848383524 0.44821472675855834 0.7725921500298792 1.1462181295944212
0.6041840975992914 0.328614762336504 0.01217529139568373 0.003020236434187251 -0.13984770899621038 -0.48176581364628146 0.6740422350212205 -0.414007151592454
0.32936097563860445 0.21603640025310505 -0.20683011069828178 -0.290740367900978 -0.5105309641514773 -0.8786577229022454 0.3696606347389542 -0.7112180770203308
0.5567409966671942 0.2998160885654746 -0.027251174352775943 -0.0866953567741725 -0.3918056992741759 -0.5874184620179941 0.6651566447684846 -0.5826992200291458
-0.5927202097500234 0.3874122247649621 -0.8061676314120417 -0.23613361951489836 -0.33332630856778733 -0.3819209633803715 -0.42677326842839713 -0.1624549754253104
-0.5710885690062856 0.3311911157472956 -0.87160847964363 -0.37150532041458295 -0.35540329081128796 -0.4727604439154139 -0.6162697679966854 -0.1365185348466475
-0.32025727323829 0.8168913209158517 0.8308672338784634 0.5390708698288472 0.6088907968348756 -0.34075718028163365 -0.22048978747748904 -0.1497848946433175
-0.42694693850778265 -1.0529069524924186 0.5003005155985594 0.3253358132535613 -0.49324436439897906 -0.130795373267366 -0.935033396291783 -0.29407221454751786
-0.08011506445062051 1.1510543116826182 1.1892238196637548 0.7475335582087403 0.9121059564021101 -0.129655273835659 -0.03690041944033262 0.13601767175975527
0.24261728157063936 -0.13777953517351185 0.7839974697827393 -0.44850699836364694 -0.6086490481417776 -0.5076217614330056 -0.41904698053569783 -0.21652717117241363
0.3777194695371316 -0.6261187323411359 -0.18839494397368964 0.6317119292738148 0.8882600577987216 0.8754621662116144 -0.5649983257665971 -0.4837900237794194
0.6554352767802083 1.097186769335886 0.7647520190062572 0.7928556937996347 -0.2978763753174625 0.719833300472725 0.4734460000022943 0.0571396723068075
0.6274758625138037 -0.02245804156154495 -0.55432062988763 0.4317766716175864 -0.4856042074122609 0.196147311758879 0.5183206175603498 0.8057449223001785
0.07478706168448175 0.23012176254550978 0.3318410467621107 0.25216449556319714 -1.1096270713722998 0.17375042934699506 -0.10406612270723403 -0.5804423569317828
0.344886535383382 -0.026788830577313905 0.5477740824850469 0.18285772340380535 0.7257867462698454 0.7762146299834214 0.7548462828186768 -0.36211334329824774
0.1927822278869158 0.5407657249959729 0.6407592390857706 0.4678174436105821 -0.8328679601267865 0.3760688774502266 0.18618530527688107 -0.34450808913554454
0.11117688387077923 -0.26533497129690575 0.7030070371813613 -0.5184997772125175 -0.6402701350143973 -0.5462670406024395 -0.5294459464024528 -0.28121165483529703
0.44918950627757903 0.013692670195064816 -0.6321613916364314 -0.5171590205958265 0.36925681033582036 -0.15290742352342573 0.17983921933665958 -0.9211062840430977
-0.5909897855180328 0.3723687629234247 0.44225081747013595 0.2811847574402462 0.3371101355918583 -0.7959910791744438 -0.4675071926043226 -0.23793417809087514
-0.4199461269832179 0.8459075125002251 0.8675003364223783 0.5244662840475764 0.602039433949855 -0.44323564718874664 -0.2342775630130024 -0.05233512607482632
0.05421213070579753 -0.30678527879422757 0.6588163846190718 -0.5532024874581069 -0.606983636356317 -0.517207550647076 -0.5627439312350161 -0.3713397615135413
0.569264577484213 0.38800922105782076 0.1258499788820001 -0.0999021251856157 -0.17750631396337835 -0.6080239502995206 0.6797339076938962 -0.40424991438841085
-0.19263786808290875 0.3257733653418536 -0.6260533020051662 -0.6957897442169979 0.21795086339578884 0.27384954310994847 0.3071912745524828 0.05083081954080122
0.4986299737545746 0.37374735879749643 -0.09945638771256338 -0.018786342655507455 -0.4167766281143677 -0.5096068319646172 0.61527992319201 -0.5343080039065572
0.6754171070811177 0.490577567433655 0.0988692251746866 -0.1404096907888638 -0.22299524999776282 -0.37717771642629394 0.6038004889952019 -0.346425132924878
0.08293926866225909 0.45737383691221273 0.5511554230975557 0.44120224513392625 -0.9433427873776674 0.38656472926945656 0.11882597286741177 -0.3226993219355426
-0.3142148445866738 0.8377956567297034 0.9651788312243952 0.5032085800365769 0.7116089909040881 -0.3665162821224316 -0.19970510008014467 -0.05541124190604613
0.08781042303185851 -0.18520554814467222 0.643866098007394 -0.4273415628587623 -0.5931097778906208 -0.41947020085834846 -0.42616622832237916 -0.2088752830380122
0.9153676903118195 0.27175783243680807 -0.4463110994926319 -0.2900473792194864 0.6387264255264953 0.30877258618658987 0.6507165152998606 -0.6026889018101519
-0.10526588822759445 -0.5966459619983371 0.6983706928345383 0.5138385030525238 -0.2636672892052748 0.15543202643949783 -0.5661066489075488 0.1602750408887451
-0.7319273815387871 0.17393359346120532 -1.034442408382944 -0.3745896932187714 -0.39612220608249027 -0.5056871012149987 -0.5786640769721998 -0.2244999651090463
0.1797603222015525 -0.18483048921399073 0.7700722217121341 -0.4170413999317269 -0.5582940172894424 -0.43436124329706877 -0.44982955334305985 -0.2219946154422423
0.7261842961375218 0.20560946394013369 0.028422950734678903 -0.11838549929683839 -0.23483387774957043 -0.39880144096516035 0.6346545807325088 -0.513183846467117
-0.3567492790351679 0.8221935918687026 0.9064729775604741 0.430163442156933 0.8050917538765457 -0.5172108727539465 -0.16339709108915546 0.008157632993449931
0.11999116418885958 0.8932080095676844 0.9368808700315646 0.06639538838219443 -0.2519623191866741 -0.46063442062923765 -0.8217570579894385 -0.7183603142236445
0.8159170029053506 0.30463281413415666 -0.38412784787066245 -0.24602563316450393 0.5771384753063884 0.2480738323893833 0.652883301647199 -0.5802254980668591
-0.027643934304003824 0.18739538564200878 -0.7946993671200933 -1.082496985877981 0.0901560506846308 0.008304919119265747 0.04207213029294661 -0.26199833081251583
0.514936573317403 -0.03519981606216284 -0.6567123652976062 0.43009794745276964 -0.5409799210241891 0.21667185383238974 0.400849781558226 0.7129578804660441
0.11180264434893264 -0.18142131806265005 0.7332064934996941 -0.5645800277983538 -0.5911756197791979 -0.5307386667075608 -0.5646136303648482 -0.34921401918594486
0.23672158352241837 0.0340956149207761 0.5439772065916862 0.1713059569656982 0.5583427820905175 0.6406893030102414 0.5172511132095611 -0.4967159424341075
0.6239985247427206 0.29357554624237003 -0.03875859263246495 -0.06748767995138219 -0.23022920295032623 -0.4251809847203156 0.570066954269733 -0.47550086547630777
-0.139035457490752 0.11076049283344558 -0.6751722944770278 -0.8395025723664965 0.33037610895233904 0.3483694515901291 0.3757379902853351 -0.12295853173395545
0.036847140986658866 0.5300401658787607 -0.40893882362466905 -0.42698020224674976 0.5665970212335146 0.5586577445781584 0.4684119572509689 0.3051368516812025
0.21734020608219912 -0.12180308181886629 0.41943907604758196 0.08306211744851025 0.44916852193087886 0.5892158555453757 0.45865147743487517 -0.41583079922440797
-0.26726106445147724 0.8928938261362762 1.0867764435473224 0.5034976745616294 0.9163152090803758 -0.41408163671582293 -0.16676701926223583 -0.03308090358366213
-0.4862849389027649 0.43673938231802856 -0.6285621732240144 -0.11961906118488222 -0.29418603874442517 -0.41465033848544053 -0.34686919550099865 -0.13651248307240832
-0.5562188369703712 0.3255292475019136 -0.8894901917864303 -0.31532134765815123 -0.37612211116050004 -0.4793901676596602 -0.7023036129642533 -0.08017394719809388
-0.34842047424214134 -0.7539304169246527 0.5934106465594868 0.4862525001207999 -0.29751572400620446 0.0690353006649612 -0.8581195207523101 -0.013221421774473857
0.1342874724789769 -0.3146267792831971 0.297088940550648 -0.0306563367301186 0.2540430787515879 0.5729236699599445 0.40654548191404755 -0.6055406750313638
-0.5631684351237604 0.2574598918198919 -0.864085180969541 -0.3254628636418767 -0.30261267587586116 -0.34756394972047233 -0.43166154894916 -0.07036385778774262
-0.391325270982111 0.6111374553984948 0.7493284372417013 0.2980747777769709 0.5856644674189556 -0.540775968890467 -0.269649738754069 -0.12305595716674134
0.4684867343228739 0.7320767663689485 0.7478189808669582 0.6328961143315069 -0.4809684214185964 0.5981703000931766 0.3283751887527836 -0.2668896556880081
-0.39492339041663926 -0.8078405720207492 0.5559610483722071 0.5086863001997063 -0.2615508447238339 0.024095920583556925 -0.8081237540105988 -0.04906435244768188
-0.009738950881055808 -0.40303937609427587 0.514050648219468 -0.6065095879509411 -0.7416992207706958 -0.6253490613269852 -0.5640020613305393 -0.3671584834452123
0.9290540149279174 0.147839842668271 -0.2873445610922243 -0.14502250018276322 0.6053204533076124 0.3493581131368272 0.7294830349130905 -0.5175225767385132
0.2964267344716298 0.5762407548419743 0.44699886316758175 0.46549259969712076 -0.721275858379842 0.49706689299442686 0.10198935298437835 -0.21866707594542506
0.6966939757727008 0.0876398489085955 -0.5477247443429455 0.6095317086235505 -0.22057687951821842 0.27049195628158645 0.4636183963461367 0.7807323799736079
-0.0006286543339172149 -0.47631557563469995 0.5813127001673892 -0.7932404317036863 -0.7785993135824372 -0.8022028409818003 -0.6105512469513499 -0.4713245843378555
-0.6205586420195232 0.2979473755155949 -0.9167447436806446 -0.30255862746615353 -0.3576376391617223 -0.542668450632767 -0.6203361324974488 -0.16174287461249448
0.7485805217824524 0.02358911367335923 -0.5923581780131222 -0.34566701922324966 0.5118151918157131 -0.0038268765763057413 0.4572082314552497 -0.8554783962816545
-0.4110873688336297 -0.9644289820222456 0.4822988745016144 0.44002741118415384 -0.3070411370864553 0.0420212032240419 -0.7119508724774704 -0.08443337738613188
0.18887609135527383 -0.24625300635238023 0.3631010556092756 0.047738204521173146 0.5330463879129552 0.5573221301981215 0.3882073981094406 -0.45613035160870063
0.10034136658113257 -0.22619157450200605 0.34401865222515393 -0.007574392222595741 0.654936023224579 0.619015234345798 0.48277262747167504 -0.4760908422239576
0.13688185624723498 0.4788941577296787 0.5981655636870119 0.5366824092853424 -0.8341262887487014 0.4322363264351431 0.16771126880201087 -0.4317042888628013
0.38729298487114155 -0.06454230205850192 -0.6248797464044944 0.23386847013945478 -0.5831163987329986 0.06470479078909815 0.43522323870781476 0.7121687859734511
0.6229714426325874 -0.0006057344129401324 -0.6029664468715917 0.4647606196260093 -0.3453203887037627 0.14918219423898577 0.4158280984740572 0.7005251403859756
